Error dump

Input/output dump

settings timebank 10000

settings time_per_move 500

settings player_names player1,player2

settings your_bot player1

settings field_width 10

settings field_height 20

Round 1

update game round 1

update game this_piece_type I

update game next_piece_type T

update game this_piece_position 3,-1

update player1 row_points 0

update player1 combo 0

update player1 skips 0

update player1 field 0,0,0,1,1,1,1,0,0,0;0,0,0,0,0,0,0,0,0,0;0,0,0,0,0,0,0,0,0,0;0,0,0,0,0,0,0,0,0,0;0,0,0,0,0,0,0,0,0,0;0,0,0,0,0,0,0,0,0,0;0,0,0,0,0,0,0,0,0,0;0,0,0,0,0,0,0,0,0,0;0,0,0,0,0,0,0,0,0,0;0,0,0,0,0,0,0,0,0,0;0,0,0,0,0,0,0,0,0,0;0,0,0,0,0,0,0,0,0,0;0,0,0,0,0,0,0,0,0,0;0,0,0,0,0,0,0,0,0,0;0,0,0,0,0,0,0,0,0,0;0,0,0,0,0,0,0,0,0,0;0,0,0,0,0,0,0,0,0,0;0,0,0,0,0,0,0,0,0,0;0,0,0,0,0,0,0,0,0,0;0,0,0,0,0,0,0,0,0,0

update player2 field 0,0,0,1,1,1,1,0,0,0;0,0,0,0,0,0,0,0,0,0;0,0,0,0,0,0,0,0,0,0;0,0,0,0,0,0,0,0,0,0;0,0,0,0,0,0,0,0,0,0;0,0,0,0,0,0,0,0,0,0;0,0,0,0,0,0,0,0,0,0;0,0,0,0,0,0,0,0,0,0;0,0,0,0,0,0,0,0,0,0;0,0,0,0,0,0,0,0,0,0;0,0,0,0,0,0,0,0,0,0;0,0,0,0,0,0,0,0,0,0;0,0,0,0,0,0,0,0,0,0;0,0,0,0,0,0,0,0,0,0;0,0,0,0,0,0,0,0,0,0;0,0,0,0,0,0,0,0,0,0;0,0,0,0,0,0,0,0,0,0;0,0,0,0,0,0,0,0,0,0;0,0,0,0,0,0,0,0,0,0;0,0,0,0,0,0,0,0,0,0

update player2 row_points 0

update player2 combo 0

update player2 skips 0

action moves 10000

Output from your bot: "turnleft,left,turnright,down,turnright,turnright,left,right,down,drop"

Round 2

update game round 2

update game this_piece_type T

update game next_piece_type I

update game this_piece_position 3,-1

update player1 row_points 0

update player1 combo 0

update player1 skips 0

update player1 field 0,0,0,1,1,1,0,0,0,0;0,0,0,0,0,0,0,0,0,0;0,0,0,0,0,0,0,0,0,0;0,0,0,0,0,0,0,0,0,0;0,0,0,0,0,0,0,0,0,0;0,0,0,0,0,0,0,0,0,0;0,0,0,0,0,0,0,0,0,0;0,0,0,0,0,0,0,0,0,0;0,0,0,0,0,0,0,0,0,0;0,0,0,0,0,0,0,0,0,0;0,0,0,0,0,0,0,0,0,0;0,0,0,0,0,0,0,0,0,0;0,0,0,0,0,0,0,0,0,0;0,0,0,0,0,0,0,0,0,0;0,0,0,0,0,0,0,0,0,0;0,0,0,0,0,0,0,0,0,0;0,0,0,0,0,0,0,0,0,0;0,0,0,0,0,0,0,0,0,0;0,0,0,0,0,0,0,0,0,0;0,0,2,2,2,2,0,0,0,0

update player2 field 0,0,0,1,1,1,0,0,0,0;0,0,0,0,0,0,0,0,0,0;0,0,0,0,0,0,0,0,0,0;0,0,0,0,0,0,0,0,0,0;0,0,0,0,0,0,0,0,0,0;0,0,0,0,0,0,0,0,0,0;0,0,0,0,0,0,0,0,0,0;0,0,0,0,0,0,0,0,0,0;0,0,0,0,0,0,0,0,0,0;0,0,0,0,0,0,0,0,0,0;0,0,0,0,0,0,0,0,0,0;0,0,0,0,0,0,0,0,0,0;0,0,0,0,0,0,0,0,0,0;0,0,0,0,0,0,0,0,0,0;0,0,0,0,0,0,0,0,0,0;0,0,0,0,0,0,0,0,0,0;0,0,0,0,0,0,2,0,0,0;0,0,0,0,0,0,2,0,0,0;0,0,0,0,0,0,2,0,0,0;0,0,0,0,0,0,2,0,0,0

update player2 row_points 0

update player2 combo 0

update player2 skips 0

action moves 10000

Output from your bot: "turnright,right,turnright,turnleft,down,turnright,left,turnright,turnleft,drop"

Round 3

update game round 3

update game this_piece_type I

update game next_piece_type S

update game this_piece_position 3,-1

update player1 row_points 0

update player1 combo 0

update player1 skips 0

update player1 field 0,0,0,1,1,1,1,0,0,0;0,0,0,0,0,0,0,0,0,0;0,0,0,0,0,0,0,0,0,0;0,0,0,0,0,0,0,0,0,0;0,0,0,0,0,0,0,0,0,0;0,0,0,0,0,0,0,0,0,0;0,0,0,0,0,0,0,0,0,0;0,0,0,0,0,0,0,0,0,0;0,0,0,0,0,0,0,0,0,0;0,0,0,0,0,0,0,0,0,0;0,0,0,0,0,0,0,0,0,0;0,0,0,0,0,0,0,0,0,0;0,0,0,0,0,0,0,0,0,0;0,0,0,0,0,0,0,0,0,0;0,0,0,0,0,0,0,0,0,0;0,0,0,0,0,0,0,0,0,0;0,0,0,0,0,0,0,0,0,0;0,0,0,2,2,2,0,0,0,0;0,0,0,0,2,0,0,0,0,0;0,0,2,2,2,2,0,0,0,0

update player2 field 0,0,0,1,1,1,1,0,0,0;0,0,0,0,0,0,0,0,0,0;0,0,0,0,0,0,0,0,0,0;0,0,0,0,0,0,0,0,0,0;0,0,0,0,0,0,0,0,0,0;0,0,0,0,0,0,0,0,0,0;0,0,0,0,0,0,0,0,0,0;0,0,0,0,0,0,0,0,0,0;0,0,0,0,0,0,0,0,0,0;0,0,0,0,0,0,0,0,0,0;0,0,0,0,0,0,0,0,0,0;0,0,0,0,0,0,0,0,0,0;0,0,0,0,0,0,0,0,0,0;0,0,0,0,0,0,0,0,0,0;0,0,0,0,0,0,0,0,0,0;0,0,0,0,0,0,0,0,0,0;0,0,0,0,0,0,2,0,0,0;0,2,0,0,0,0,2,0,0,0;2,2,0,0,0,0,2,0,0,0;0,2,0,0,0,0,2,0,0,0

update player2 row_points 0

update player2 combo 0

update player2 skips 0

action moves 10000

Output from your bot: "right,right,turnleft,turnleft,turnright,down,turnright,turnleft,down,drop"

Round 4

update game round 4

update game this_piece_type S

update game next_piece_type S

update game this_piece_position 3,-1

update player1 row_points 0

update player1 combo 0

update player1 skips 0

update player1 field 0,0,0,1,1,0,0,0,0,0;0,0,0,0,0,0,0,0,0,0;0,0,0,0,0,0,0,0,0,0;0,0,0,0,0,0,0,0,0,0;0,0,0,0,0,0,0,0,0,0;0,0,0,0,0,0,0,0,0,0;0,0,0,0,0,0,0,0,0,0;0,0,0,0,0,0,0,0,0,0;0,0,0,0,0,0,0,0,0,0;0,0,0,0,0,0,0,0,0,0;0,0,0,0,0,0,0,0,0,0;0,0,0,0,0,0,0,0,0,0;0,0,0,0,0,0,0,0,0,0;0,0,0,0,0,0,0,0,0,0;0,0,0,0,0,0,0,0,0,0;0,0,0,0,0,0,0,0,0,0;0,0,0,0,0,0,2,0,0,0;0,0,0,2,2,2,2,0,0,0;0,0,0,0,2,0,2,0,0,0;0,0,2,2,2,2,2,0,0,0

update player2 field 0,0,0,1,1,0,0,0,0,0;0,0,0,0,0,0,0,0,0,0;0,0,0,0,0,0,0,0,0,0;0,0,0,0,0,0,0,0,0,0;0,0,0,0,0,0,0,0,0,0;0,0,0,0,0,0,0,0,0,0;0,0,0,0,0,0,0,0,0,0;0,0,0,0,0,0,0,0,0,0;0,0,0,0,0,0,0,0,0,0;0,0,0,0,0,0,0,0,0,0;0,0,0,0,0,0,0,0,0,0;0,0,0,0,0,0,0,0,0,0;0,0,0,0,0,0,0,0,0,0;0,0,0,0,0,0,0,0,0,0;0,0,0,0,0,0,0,0,0,0;0,0,0,0,0,0,0,0,0,0;0,0,0,0,0,0,2,0,0,0;0,2,0,0,0,0,2,0,0,0;2,2,0,0,0,0,2,0,0,0;0,2,2,2,2,2,2,0,0,0

update player2 row_points 0

update player2 combo 0

update player2 skips 0

action moves 10000

Output from your bot: "down,turnleft,left,turnleft,right,down,left,turnright,turnleft,drop"

Round 5

update game round 5

update game this_piece_type S

update game next_piece_type Z

update game this_piece_position 3,-1

update player1 row_points 0

update player1 combo 0

update player1 skips 0

update player1 field 0,0,0,1,1,0,0,0,0,0;0,0,0,0,0,0,0,0,0,0;0,0,0,0,0,0,0,0,0,0;0,0,0,0,0,0,0,0,0,0;0,0,0,0,0,0,0,0,0,0;0,0,0,0,0,0,0,0,0,0;0,0,0,0,0,0,0,0,0,0;0,0,0,0,0,0,0,0,0,0;0,0,0,0,0,0,0,0,0,0;0,0,0,0,0,0,0,0,0,0;0,0,0,0,0,0,0,0,0,0;0,0,0,0,0,0,0,0,0,0;0,0,0,0,0,0,0,0,0,0;0,0,0,0,0,0,0,0,0,0;0,0,0,0,0,0,0,0,0,0;0,0,0,2,2,0,0,0,0,0;0,0,2,2,0,0,2,0,0,0;0,0,0,2,2,2,2,0,0,0;0,0,0,0,2,0,2,0,0,0;0,0,2,2,2,2,2,0,0,0

update player2 field 0,0,0,1,1,0,0,0,0,0;0,0,0,0,0,0,0,0,0,0;0,0,0,0,0,0,0,0,0,0;0,0,0,0,0,0,0,0,0,0;0,0,0,0,0,0,0,0,0,0;0,0,0,0,0,0,0,0,0,0;0,0,0,0,0,0,0,0,0,0;0,0,0,0,0,0,0,0,0,0;0,0,0,0,0,0,0,0,0,0;0,0,0,0,0,0,0,0,0,0;0,0,0,0,0,0,0,0,0,0;0,0,0,0,0,0,0,0,0,0;0,0,0,0,0,0,0,0,0,0;0,0,0,0,0,0,0,0,0,0;0,0,0,0,0,0,0,2,2,0;0,0,0,0,0,0,2,2,0,0;0,0,0,0,0,0,2,0,0,0;0,2,0,0,0,0,2,0,0,0;2,2,0,0,0,0,2,0,0,0;0,2,2,2,2,2,2,0,0,0

update player2 row_points 0

update player2 combo 0

update player2 skips 0

action moves 10000

Output from your bot: "down,down,left,down,left,right,down,down,left,drop"

Round 6

update game round 6

update game this_piece_type Z

update game next_piece_type T

update game this_piece_position 3,-1

update player1 row_points 0

update player1 combo 0

update player1 skips 0

update player1 field 0,0,0,0,1,1,0,0,0,0;0,0,0,0,0,0,0,0,0,0;0,0,0,0,0,0,0,0,0,0;0,0,0,0,0,0,0,0,0,0;0,0,0,0,0,0,0,0,0,0;0,0,0,0,0,0,0,0,0,0;0,0,0,0,0,0,0,0,0,0;0,0,0,0,0,0,0,0,0,0;0,0,0,0,0,0,0,0,0,0;0,0,0,0,0,0,0,0,0,0;0,0,0,0,0,0,0,0,0,0;0,0,0,0,0,0,0,0,0,0;0,0,0,0,0,0,0,0,0,0;0,0,0,0,0,0,0,0,0,0;0,0,2,2,0,0,0,0,0,0;0,2,2,2,2,0,0,0,0,0;0,0,2,2,0,0,2,0,0,0;0,0,0,2,2,2,2,0,0,0;0,0,0,0,2,0,2,0,0,0;0,0,2,2,2,2,2,0,0,0

update player2 field 0,0,0,0,1,1,0,0,0,0;0,0,0,0,0,0,0,0,0,0;0,0,0,0,0,0,0,0,0,0;0,0,0,0,0,0,0,0,0,0;0,0,0,0,0,0,0,0,0,0;0,0,0,0,0,0,0,0,0,0;0,0,0,0,0,0,0,0,0,0;0,0,0,0,0,0,0,0,0,0;0,0,0,0,0,0,0,0,0,0;0,0,0,0,0,0,0,0,0,0;0,0,0,0,0,0,0,0,0,0;0,0,0,0,0,0,0,0,0,0;0,0,0,0,0,0,0,0,0,0;0,0,0,0,0,0,0,0,0,0;0,0,0,0,0,0,0,2,2,0;0,0,0,0,0,0,2,2,0,0;0,0,2,0,0,0,2,0,0,0;0,2,2,2,0,0,2,0,0,0;2,2,0,2,0,0,2,0,0,0;0,2,2,2,2,2,2,0,0,0

update player2 row_points 0

update player2 combo 0

update player2 skips 0

action moves 10000

Output from your bot: "right,right,left,turnleft,left,down,turnleft,turnleft,left,drop"

Round 7

update game round 7

update game this_piece_type T

update game next_piece_type S

update game this_piece_position 3,-1

update player1 row_points 0

update player1 combo 0

update player1 skips 0

update player1 field 0,0,0,1,1,1,0,0,0,0;0,0,0,0,0,0,0,0,0,0;0,0,0,0,0,0,0,0,0,0;0,0,0,0,0,0,0,0,0,0;0,0,0,0,0,0,0,0,0,0;0,0,0,0,0,0,0,0,0,0;0,0,0,0,0,0,0,0,0,0;0,0,0,0,0,0,0,0,0,0;0,0,0,0,0,0,0,0,0,0;0,0,0,0,0,0,0,0,0,0;0,0,0,0,0,0,0,0,0,0;0,0,0,0,2,0,0,0,0,0;0,0,0,2,2,0,0,0,0,0;0,0,0,2,0,0,0,0,0,0;0,0,2,2,0,0,0,0,0,0;0,2,2,2,2,0,0,0,0,0;0,0,2,2,0,0,2,0,0,0;0,0,0,2,2,2,2,0,0,0;0,0,0,0,2,0,2,0,0,0;0,0,2,2,2,2,2,0,0,0

update player2 field 0,0,0,1,1,1,0,0,0,0;0,0,0,0,0,0,0,0,0,0;0,0,0,0,0,0,0,0,0,0;0,0,0,0,0,0,0,0,0,0;0,0,0,0,0,0,0,0,0,0;0,0,0,0,0,0,0,0,0,0;0,0,0,0,0,0,0,0,0,0;0,0,0,0,0,0,0,0,0,0;0,0,0,0,0,0,0,0,0,0;0,0,0,0,0,0,0,0,0,0;0,0,0,0,0,0,0,0,0,0;0,0,0,0,0,0,0,0,2,0;0,0,0,0,0,0,0,2,2,0;0,0,0,0,0,0,0,2,0,0;0,0,0,0,0,0,0,2,2,0;0,0,0,0,0,0,2,2,0,0;0,0,2,0,0,0,2,0,0,0;0,2,2,2,0,0,2,0,0,0;2,2,0,2,0,0,2,0,0,0;0,2,2,2,2,2,2,0,0,0

update player2 row_points 0

update player2 combo 0

update player2 skips 0

action moves 10000

Output from your bot: "left,left,down,down,left,left,left,down,turnright,drop"

Round 8

update game round 8

update game this_piece_type S

update game next_piece_type Z

update game this_piece_position 3,-1

update player1 row_points 0

update player1 combo 0

update player1 skips 0

update player1 field 0,0,0,1,1,0,0,0,0,0;0,0,0,0,0,0,0,0,0,0;0,0,0,0,0,0,0,0,0,0;0,0,0,0,0,0,0,0,0,0;0,0,0,0,0,0,0,0,0,0;0,0,0,0,0,0,0,0,0,0;0,0,0,0,0,0,0,0,0,0;0,0,0,0,0,0,0,0,0,0;0,0,0,0,0,0,0,0,0,0;0,0,0,0,0,0,0,0,0,0;0,0,0,0,0,0,0,0,0,0;0,0,0,0,2,0,0,0,0,0;0,2,0,2,2,0,0,0,0,0;0,2,2,2,0,0,0,0,0,0;0,2,2,2,0,0,0,0,0,0;0,2,2,2,2,0,0,0,0,0;0,0,2,2,0,0,2,0,0,0;0,0,0,2,2,2,2,0,0,0;0,0,0,0,2,0,2,0,0,0;0,0,2,2,2,2,2,0,0,0

update player2 field 0,0,0,1,1,0,0,0,0,0;0,0,0,0,0,0,0,0,0,0;0,0,0,0,0,0,0,0,0,0;0,0,0,0,0,0,0,0,0,0;0,0,0,0,0,0,0,0,0,0;0,0,0,0,0,0,0,0,0,0;0,0,0,0,0,0,0,0,0,0;0,0,0,0,0,0,0,0,0,0;0,0,0,0,0,0,0,0,0,0;0,0,0,0,0,0,0,0,0,0;0,0,0,0,0,0,0,0,0,0;0,0,0,0,0,0,0,0,2,0;0,0,0,0,0,0,0,2,2,0;0,0,0,0,0,0,0,2,0,0;0,0,0,0,0,0,0,2,2,0;0,0,2,2,2,0,2,2,0,0;0,0,2,2,0,0,2,0,0,0;0,2,2,2,0,0,2,0,0,0;2,2,0,2,0,0,2,0,0,0;0,2,2,2,2,2,2,0,0,0

update player2 row_points 0

update player2 combo 0

update player2 skips 0

action moves 10000

Output from your bot: "right,turnleft,left,turnright,right,right,left,turnleft,down,drop"

Round 9

update game round 9

update game this_piece_type Z

update game next_piece_type L

update game this_piece_position 3,-1

update player1 row_points 0

update player1 combo 0

update player1 skips 0

update player1 field 0,0,0,0,1,1,0,0,0,0;0,0,0,0,0,0,0,0,0,0;0,0,0,0,0,0,0,0,0,0;0,0,0,0,0,0,0,0,0,0;0,0,0,0,0,0,0,0,0,0;0,0,0,0,0,0,0,0,0,0;0,0,0,0,0,0,0,0,0,0;0,0,0,0,0,0,0,0,0,0;0,0,0,0,0,0,0,0,0,0;0,0,0,0,2,0,0,0,0,0;0,0,0,0,2,2,0,0,0,0;0,0,0,0,2,2,0,0,0,0;0,2,0,2,2,0,0,0,0,0;0,2,2,2,0,0,0,0,0,0;0,2,2,2,0,0,0,0,0,0;0,2,2,2,2,0,0,0,0,0;0,0,2,2,0,0,2,0,0,0;0,0,0,2,2,2,2,0,0,0;0,0,0,0,2,0,2,0,0,0;0,0,2,2,2,2,2,0,0,0

update player2 field 0,0,0,0,1,1,0,0,0,0;0,0,0,0,0,0,0,0,0,0;0,0,0,0,0,0,0,0,0,0;0,0,0,0,0,0,0,0,0,0;0,0,0,0,0,0,0,0,0,0;0,0,0,0,0,0,0,0,0,0;0,0,0,0,0,0,0,0,0,0;0,0,0,0,0,0,0,0,0,0;0,0,0,0,0,0,0,0,0,0;0,0,0,0,0,0,0,0,0,0;0,0,0,0,0,0,0,0,0,0;0,0,0,0,0,0,0,0,2,0;0,0,0,0,0,0,0,2,2,0;0,0,0,0,2,0,0,2,0,0;0,0,0,0,2,2,0,2,2,0;0,0,2,2,2,2,2,2,0,0;0,0,2,2,0,0,2,0,0,0;0,2,2,2,0,0,2,0,0,0;2,2,0,2,0,0,2,0,0,0;0,2,2,2,2,2,2,0,0,0

update player2 row_points 0

update player2 combo 0

update player2 skips 0

action moves 10000

Output from your bot: "turnleft,left,left,right,right,right,right,down,down,drop"

Round 10

update game round 10

update game this_piece_type L

update game next_piece_type L

update game this_piece_position 3,-1

update player1 row_points 0

update player1 combo 0

update player1 skips 0

update player1 field 0,0,0,1,1,1,0,0,0,0;0,0,0,0,0,0,0,0,0,0;0,0,0,0,0,0,0,0,0,0;0,0,0,0,0,0,0,0,0,0;0,0,0,0,0,0,0,0,0,0;0,0,0,0,0,0,0,0,0,0;0,0,0,0,0,0,0,0,0,0;0,0,0,0,0,0,2,0,0,0;0,0,0,0,0,2,2,0,0,0;0,0,0,0,2,2,0,0,0,0;0,0,0,0,2,2,0,0,0,0;0,0,0,0,2,2,0,0,0,0;0,2,0,2,2,0,0,0,0,0;0,2,2,2,0,0,0,0,0,0;0,2,2,2,0,0,0,0,0,0;0,2,2,2,2,0,0,0,0,0;0,0,2,2,0,0,2,0,0,0;0,0,0,2,2,2,2,0,0,0;0,0,0,0,2,0,2,0,0,0;0,0,2,2,2,2,2,0,0,0

update player2 field 0,0,0,1,1,1,0,0,0,0;0,0,0,0,0,0,0,0,0,0;0,0,0,0,0,0,0,0,0,0;0,0,0,0,0,0,0,0,0,0;0,0,0,0,0,0,0,0,0,0;0,0,0,0,0,0,0,0,0,0;0,0,0,0,0,0,0,0,0,0;0,0,0,0,0,0,0,0,0,0;0,0,0,0,0,0,0,0,0,0;0,0,0,0,0,0,0,0,0,0;0,0,0,0,0,2,2,0,0,0;0,0,0,0,0,0,2,2,2,0;0,0,0,0,0,0,0,2,2,0;0,0,0,0,2,0,0,2,0,0;0,0,0,0,2,2,0,2,2,0;0,0,2,2,2,2,2,2,0,0;0,0,2,2,0,0,2,0,0,0;0,2,2,2,0,0,2,0,0,0;2,2,0,2,0,0,2,0,0,0;0,2,2,2,2,2,2,0,0,0

update player2 row_points 0

update player2 combo 0

update player2 skips 0

action moves 10000

Output from your bot: "left,left,left,turnright,left,down,turnleft,turnright,left,drop"

Round 11

update game round 11

update game this_piece_type L

update game next_piece_type L

update game this_piece_position 3,-1

update player1 row_points 0

update player1 combo 0

update player1 skips 0

update player1 field 0,0,0,1,1,1,0,0,0,0;0,0,0,0,0,0,0,0,0,0;0,0,0,0,0,0,0,0,0,0;0,0,0,0,0,0,0,0,0,0;0,0,0,0,0,0,0,0,0,0;0,0,0,0,0,0,0,0,0,0;0,0,0,0,0,0,0,0,0,0;0,0,0,0,0,0,2,0,0,0;0,0,0,0,0,2,2,0,0,0;2,0,0,0,2,2,0,0,0,0;2,0,0,0,2,2,0,0,0,0;2,2,0,0,2,2,0,0,0,0;0,2,0,2,2,0,0,0,0,0;0,2,2,2,0,0,0,0,0,0;0,2,2,2,0,0,0,0,0,0;0,2,2,2,2,0,0,0,0,0;0,0,2,2,0,0,2,0,0,0;0,0,0,2,2,2,2,0,0,0;0,0,0,0,2,0,2,0,0,0;0,0,2,2,2,2,2,0,0,0

update player2 field 0,0,0,1,1,1,0,0,0,0;0,0,0,0,0,0,0,0,0,0;0,0,0,0,0,0,0,0,0,0;0,0,0,0,0,0,0,0,0,0;0,0,0,0,0,0,0,0,0,0;0,0,0,0,0,0,0,0,0,0;0,0,0,0,0,0,0,0,0,0;0,0,0,0,0,2,2,0,0,0;0,0,0,0,0,0,2,0,0,0;0,0,0,0,0,0,2,0,0,0;0,0,0,0,0,2,2,0,0,0;0,0,0,0,0,0,2,2,2,0;0,0,0,0,0,0,0,2,2,0;0,0,0,0,2,0,0,2,0,0;0,0,0,0,2,2,0,2,2,0;0,0,2,2,2,2,2,2,0,0;0,0,2,2,0,0,2,0,0,0;0,2,2,2,0,0,2,0,0,0;2,2,0,2,0,0,2,0,0,0;0,2,2,2,2,2,2,0,0,0

update player2 row_points 0

update player2 combo 0

update player2 skips 0

action moves 10000

Output from your bot: "right,right,right,turnleft,turnleft,down,left,left,right,drop"

Round 12

update game round 12

update game this_piece_type L

update game next_piece_type J

update game this_piece_position 3,-1

update player1 row_points 0

update player1 combo 0

update player1 skips 0

update player1 field 0,0,0,1,1,1,0,0,0,0;0,0,0,0,0,0,0,0,0,0;0,0,0,0,0,0,0,0,0,0;0,0,0,0,0,0,0,0,0,0;0,0,0,0,0,0,0,0,0,0;0,0,0,0,0,0,0,0,0,0;0,0,0,0,0,2,2,2,0,0;0,0,0,0,0,2,2,0,0,0;0,0,0,0,0,2,2,0,0,0;2,0,0,0,2,2,0,0,0,0;2,0,0,0,2,2,0,0,0,0;2,2,0,0,2,2,0,0,0,0;0,2,0,2,2,0,0,0,0,0;0,2,2,2,0,0,0,0,0,0;0,2,2,2,0,0,0,0,0,0;0,2,2,2,2,0,0,0,0,0;0,0,2,2,0,0,2,0,0,0;0,0,0,2,2,2,2,0,0,0;0,0,0,0,2,0,2,0,0,0;0,0,2,2,2,2,2,0,0,0

update player2 field 0,0,0,1,1,1,0,0,0,0;0,0,0,0,0,0,0,0,0,0;0,0,0,0,0,0,0,0,0,0;0,0,0,0,0,0,0,0,0,0;0,0,0,0,0,2,0,0,0,0;0,0,0,0,0,2,0,0,0,0;0,0,0,0,0,2,2,0,0,0;0,0,0,0,0,2,2,0,0,0;0,0,0,0,0,0,2,0,0,0;0,0,0,0,0,0,2,0,0,0;0,0,0,0,0,2,2,0,0,0;0,0,0,0,0,0,2,2,2,0;0,0,0,0,0,0,0,2,2,0;0,0,0,0,2,0,0,2,0,0;0,0,0,0,2,2,0,2,2,0;0,0,2,2,2,2,2,2,0,0;0,0,2,2,0,0,2,0,0,0;0,2,2,2,0,0,2,0,0,0;2,2,0,2,0,0,2,0,0,0;0,2,2,2,2,2,2,0,0,0

update player2 row_points 0

update player2 combo 0

update player2 skips 0

action moves 10000

Output from your bot: "left,right,turnleft,down,right,down,turnleft,turnleft,right,drop"

Round 13

update game round 13

update game this_piece_type J

update game next_piece_type J

update game this_piece_position 3,-1

update player1 row_points 0

update player1 combo 0

update player1 skips 0

update player1 field 0,0,0,1,1,1,0,0,0,0;0,0,0,0,0,0,0,0,0,0;0,0,0,0,0,0,0,0,0,0;0,0,0,0,0,0,2,0,0,0;0,0,0,0,0,0,2,0,0,0;0,0,0,0,0,0,2,2,0,0;0,0,0,0,0,2,2,2,0,0;0,0,0,0,0,2,2,0,0,0;0,0,0,0,0,2,2,0,0,0;2,0,0,0,2,2,0,0,0,0;2,0,0,0,2,2,0,0,0,0;2,2,0,0,2,2,0,0,0,0;0,2,0,2,2,0,0,0,0,0;0,2,2,2,0,0,0,0,0,0;0,2,2,2,0,0,0,0,0,0;0,2,2,2,2,0,0,0,0,0;0,0,2,2,0,0,2,0,0,0;0,0,0,2,2,2,2,0,0,0;0,0,0,0,2,0,2,0,0,0;0,0,2,2,2,2,2,0,0,0

update player2 field 0,0,0,1,1,1,0,0,0,0;0,0,0,0,0,0,0,0,0,0;0,0,0,0,0,0,0,0,0,0;0,0,0,0,0,0,0,0,0,0;0,0,0,0,0,2,0,0,0,0;0,0,0,0,0,2,0,0,0,0;0,0,0,0,0,2,2,0,0,0;0,0,0,0,0,2,2,0,0,0;0,0,0,0,0,0,2,0,0,0;0,0,0,0,0,0,2,0,0,0;0,0,0,0,0,2,2,0,0,0;0,0,0,0,0,0,2,2,2,0;0,2,0,0,0,0,0,2,2,0;0,2,0,0,2,0,0,2,0,0;0,2,2,0,2,2,0,2,2,0;0,0,2,2,2,2,2,2,0,0;0,0,2,2,0,0,2,0,0,0;0,2,2,2,0,0,2,0,0,0;2,2,0,2,0,0,2,0,0,0;0,2,2,2,2,2,2,0,0,0

update player2 row_points 0

update player2 combo 0

update player2 skips 0

action moves 10000

Output from your bot: "left,down,turnright,right,turnleft,down,turnleft,turnright,down,drop"

Round 14

update game round 14

update game this_piece_type J

update game next_piece_type S

update game this_piece_position 3,-1

update player1 row_points 0

update player1 combo 0

update player1 skips 0

update player1 field 0,0,0,1,1,1,0,0,0,0;0,0,0,0,0,0,0,0,0,0;0,0,0,0,0,0,0,0,0,0;0,0,0,0,0,0,2,0,0,0;0,0,0,2,0,0,2,0,0,0;0,0,0,2,2,2,2,2,0,0;0,0,0,0,0,2,2,2,0,0;0,0,0,0,0,2,2,0,0,0;0,0,0,0,0,2,2,0,0,0;2,0,0,0,2,2,0,0,0,0;2,0,0,0,2,2,0,0,0,0;2,2,0,0,2,2,0,0,0,0;0,2,0,2,2,0,0,0,0,0;0,2,2,2,0,0,0,0,0,0;0,2,2,2,0,0,0,0,0,0;0,2,2,2,2,0,0,0,0,0;0,0,2,2,0,0,2,0,0,0;0,0,0,2,2,2,2,0,0,0;0,0,0,0,2,0,2,0,0,0;0,0,2,2,2,2,2,0,0,0

update player2 field 0,0,0,1,1,1,0,0,0,0;0,0,0,0,0,2,0,0,0,0;0,0,0,0,0,2,0,0,0,0;0,0,0,0,2,2,0,0,0,0;0,0,0,0,0,2,0,0,0,0;0,0,0,0,0,2,0,0,0,0;0,0,0,0,0,2,2,0,0,0;0,0,0,0,0,2,2,0,0,0;0,0,0,0,0,0,2,0,0,0;0,0,0,0,0,0,2,0,0,0;0,0,0,0,0,2,2,0,0,0;0,0,0,0,0,0,2,2,2,0;0,2,0,0,0,0,0,2,2,0;0,2,0,0,2,0,0,2,0,0;0,2,2,0,2,2,0,2,2,0;0,0,2,2,2,2,2,2,0,0;0,0,2,2,0,0,2,0,0,0;0,2,2,2,0,0,2,0,0,0;2,2,0,2,0,0,2,0,0,0;0,2,2,2,2,2,2,0,0,0

update player2 row_points 0

update player2 combo 0

update player2 skips 0

action moves 10000

Output from your bot: "right,turnleft,left,right,right,turnleft,right,turnright,turnright,drop"

Round 15

update game round 15

update game this_piece_type S

update game next_piece_type S

update game this_piece_position 3,-1

update player1 row_points 0

update player1 combo 0

update player1 skips 0

update player1 field 0,0,0,1,1,0,0,0,0,0;0,0,0,0,0,0,2,0,0,0;0,0,0,0,0,0,2,2,2,0;0,0,0,0,0,0,2,0,0,0;0,0,0,2,0,0,2,0,0,0;0,0,0,2,2,2,2,2,0,0;0,0,0,0,0,2,2,2,0,0;0,0,0,0,0,2,2,0,0,0;0,0,0,0,0,2,2,0,0,0;2,0,0,0,2,2,0,0,0,0;2,0,0,0,2,2,0,0,0,0;2,2,0,0,2,2,0,0,0,0;0,2,0,2,2,0,0,0,0,0;0,2,2,2,0,0,0,0,0,0;0,2,2,2,0,0,0,0,0,0;0,2,2,2,2,0,0,0,0,0;0,0,2,2,0,0,2,0,0,0;0,0,0,2,2,2,2,0,0,0;0,0,0,0,2,0,2,0,0,0;0,0,2,2,2,2,2,0,0,0

update player2 field 0,0,0,1,1,0,0,0,0,0;0,0,0,0,0,2,0,0,0,0;0,0,0,0,0,2,0,0,0,0;0,0,0,0,2,2,0,0,0,0;0,0,0,0,0,2,0,0,0,0;0,0,0,0,0,2,0,0,0,0;0,0,0,0,0,2,2,0,0,0;0,0,0,0,0,2,2,0,0,0;0,0,0,0,0,0,2,0,0,0;0,0,0,0,0,0,2,0,0,0;0,0,0,0,0,2,2,0,0,0;0,0,0,2,0,0,2,2,2,0;0,2,0,2,0,0,0,2,2,0;0,2,2,2,2,0,0,2,0,0;0,2,2,0,2,2,0,2,2,0;0,0,2,2,2,2,2,2,0,0;0,0,2,2,0,0,2,0,0,0;0,2,2,2,0,0,2,0,0,0;2,2,0,2,0,0,2,0,0,0;0,2,2,2,2,2,2,0,0,0

update player2 row_points 0

update player2 combo 0

update player2 skips 0

action moves 10000

Output from your bot: "turnleft,turnleft,turnleft,turnleft,down,turnleft,right,turnleft,right,drop"

