Error dump

Input/output dump

settings timebank 10000

settings time_per_move 500

settings player_names player1,player2

settings your_bot player2

settings field_width 10

settings field_height 20

Round 1

update game round 1

update game this_piece_type I

update game next_piece_type T

update game this_piece_position 3,-1

update player2 row_points 0

update player2 combo 0

update player2 skips 0

update player2 field 0,0,0,1,1,1,1,0,0,0;0,0,0,0,0,0,0,0,0,0;0,0,0,0,0,0,0,0,0,0;0,0,0,0,0,0,0,0,0,0;0,0,0,0,0,0,0,0,0,0;0,0,0,0,0,0,0,0,0,0;0,0,0,0,0,0,0,0,0,0;0,0,0,0,0,0,0,0,0,0;0,0,0,0,0,0,0,0,0,0;0,0,0,0,0,0,0,0,0,0;0,0,0,0,0,0,0,0,0,0;0,0,0,0,0,0,0,0,0,0;0,0,0,0,0,0,0,0,0,0;0,0,0,0,0,0,0,0,0,0;0,0,0,0,0,0,0,0,0,0;0,0,0,0,0,0,0,0,0,0;0,0,0,0,0,0,0,0,0,0;0,0,0,0,0,0,0,0,0,0;0,0,0,0,0,0,0,0,0,0;0,0,0,0,0,0,0,0,0,0

update player1 field 0,0,0,1,1,1,1,0,0,0;0,0,0,0,0,0,0,0,0,0;0,0,0,0,0,0,0,0,0,0;0,0,0,0,0,0,0,0,0,0;0,0,0,0,0,0,0,0,0,0;0,0,0,0,0,0,0,0,0,0;0,0,0,0,0,0,0,0,0,0;0,0,0,0,0,0,0,0,0,0;0,0,0,0,0,0,0,0,0,0;0,0,0,0,0,0,0,0,0,0;0,0,0,0,0,0,0,0,0,0;0,0,0,0,0,0,0,0,0,0;0,0,0,0,0,0,0,0,0,0;0,0,0,0,0,0,0,0,0,0;0,0,0,0,0,0,0,0,0,0;0,0,0,0,0,0,0,0,0,0;0,0,0,0,0,0,0,0,0,0;0,0,0,0,0,0,0,0,0,0;0,0,0,0,0,0,0,0,0,0;0,0,0,0,0,0,0,0,0,0

update player1 row_points 0

update player1 combo 0

update player1 skips 0

action moves 10000

Output from your bot: "down,down,down,down,down,down,down,down,down,down,down,down,down,down,down,down,down,down,down,left,left,left"

Round 2

update game round 2

update game this_piece_type T

update game next_piece_type Z

update game this_piece_position 3,-1

update player2 row_points 0

update player2 combo 0

update player2 skips 0

update player2 field 0,0,0,1,1,1,0,0,0,0;0,0,0,0,0,0,0,0,0,0;0,0,0,0,0,0,0,0,0,0;0,0,0,0,0,0,0,0,0,0;0,0,0,0,0,0,0,0,0,0;0,0,0,0,0,0,0,0,0,0;0,0,0,0,0,0,0,0,0,0;0,0,0,0,0,0,0,0,0,0;0,0,0,0,0,0,0,0,0,0;0,0,0,0,0,0,0,0,0,0;0,0,0,0,0,0,0,0,0,0;0,0,0,0,0,0,0,0,0,0;0,0,0,0,0,0,0,0,0,0;0,0,0,0,0,0,0,0,0,0;0,0,0,0,0,0,0,0,0,0;0,0,0,0,0,0,0,0,0,0;0,0,0,0,0,0,0,0,0,0;0,0,0,0,0,0,0,0,0,0;0,0,0,0,0,0,0,0,0,0;2,2,2,2,0,0,0,0,0,0

update player1 field 0,0,0,1,1,1,0,0,0,0;0,0,0,0,0,0,0,0,0,0;0,0,0,0,0,0,0,0,0,0;0,0,0,0,0,0,0,0,0,0;0,0,0,0,0,0,0,0,0,0;0,0,0,0,0,0,0,0,0,0;0,0,0,0,0,0,0,0,0,0;0,0,0,0,0,0,0,0,0,0;0,0,0,0,0,0,0,0,0,0;0,0,0,0,0,0,0,0,0,0;0,0,0,0,0,0,0,0,0,0;0,0,0,0,0,0,0,0,0,0;0,0,0,0,0,0,0,0,0,0;0,0,0,0,0,0,0,0,0,0;0,0,0,0,0,0,0,0,0,0;0,0,0,0,0,0,0,0,0,0;0,0,0,0,0,0,0,0,0,0;0,0,0,0,0,0,0,0,0,0;0,0,0,0,0,0,0,0,0,0;2,2,2,2,0,0,0,0,0,0

update player1 row_points 0

update player1 combo 0

update player1 skips 0

action moves 9090

Output from your bot: "down,down,down,down,down,down,down,down,down,down,down,down,down,down,down,down,down,down,right,down"

Round 3

update game round 3

update game this_piece_type Z

update game next_piece_type I

update game this_piece_position 3,-1

update player2 row_points 0

update player2 combo 0

update player2 skips 0

update player2 field 0,0,0,0,1,1,0,0,0,0;0,0,0,0,0,0,0,0,0,0;0,0,0,0,0,0,0,0,0,0;0,0,0,0,0,0,0,0,0,0;0,0,0,0,0,0,0,0,0,0;0,0,0,0,0,0,0,0,0,0;0,0,0,0,0,0,0,0,0,0;0,0,0,0,0,0,0,0,0,0;0,0,0,0,0,0,0,0,0,0;0,0,0,0,0,0,0,0,0,0;0,0,0,0,0,0,0,0,0,0;0,0,0,0,0,0,0,0,0,0;0,0,0,0,0,0,0,0,0,0;0,0,0,0,0,0,0,0,0,0;0,0,0,0,0,0,0,0,0,0;0,0,0,0,0,0,0,0,0,0;0,0,0,0,0,0,0,0,0,0;0,0,0,0,0,0,0,0,0,0;0,0,0,0,0,2,0,0,0,0;2,2,2,2,2,2,2,0,0,0

update player1 field 0,0,0,0,1,1,0,0,0,0;0,0,0,0,0,0,0,0,0,0;0,0,0,0,0,0,0,0,0,0;0,0,0,0,0,0,0,0,0,0;0,0,0,0,0,0,0,0,0,0;0,0,0,0,0,0,0,0,0,0;0,0,0,0,0,0,0,0,0,0;0,0,0,0,0,0,0,0,0,0;0,0,0,0,0,0,0,0,0,0;0,0,0,0,0,0,0,0,0,0;0,0,0,0,0,0,0,0,0,0;0,0,0,0,0,0,0,0,0,0;0,0,0,0,0,0,0,0,0,0;0,0,0,0,0,0,0,0,0,0;0,0,0,0,0,0,0,0,0,0;0,0,0,0,0,0,0,0,0,0;0,0,0,0,0,0,0,0,0,0;0,0,0,0,0,0,0,0,0,0;0,0,0,0,0,2,0,0,0,0;2,2,2,2,2,2,2,0,0,0

update player1 row_points 0

update player1 combo 0

update player1 skips 0

action moves 8907

Output from your bot: "down,down,down,down,down,down,down,down,down,down,down,down,down,down,down,down,down,right,right,down,right,down"

Round 4

update game round 4

update game this_piece_type I

update game next_piece_type Z

update game this_piece_position 3,-1

update player2 row_points 0

update player2 combo 0

update player2 skips 0

update player2 field 0,0,0,1,1,1,1,0,0,0;0,0,0,0,0,0,0,0,0,0;0,0,0,0,0,0,0,0,0,0;0,0,0,0,0,0,0,0,0,0;0,0,0,0,0,0,0,0,0,0;0,0,0,0,0,0,0,0,0,0;0,0,0,0,0,0,0,0,0,0;0,0,0,0,0,0,0,0,0,0;0,0,0,0,0,0,0,0,0,0;0,0,0,0,0,0,0,0,0,0;0,0,0,0,0,0,0,0,0,0;0,0,0,0,0,0,0,0,0,0;0,0,0,0,0,0,0,0,0,0;0,0,0,0,0,0,0,0,0,0;0,0,0,0,0,0,0,0,0,0;0,0,0,0,0,0,0,0,0,0;0,0,0,0,0,0,0,0,0,0;0,0,0,0,0,0,0,0,0,0;0,0,0,0,0,2,2,2,0,0;2,2,2,2,2,2,2,2,2,0

update player1 field 0,0,0,1,1,1,1,0,0,0;0,0,0,0,0,0,0,0,0,0;0,0,0,0,0,0,0,0,0,0;0,0,0,0,0,0,0,0,0,0;0,0,0,0,0,0,0,0,0,0;0,0,0,0,0,0,0,0,0,0;0,0,0,0,0,0,0,0,0,0;0,0,0,0,0,0,0,0,0,0;0,0,0,0,0,0,0,0,0,0;0,0,0,0,0,0,0,0,0,0;0,0,0,0,0,0,0,0,0,0;0,0,0,0,0,0,0,0,0,0;0,0,0,0,0,0,0,0,0,0;0,0,0,0,0,0,0,0,0,0;0,0,0,0,0,0,0,0,0,0;0,0,0,0,0,0,0,0,0,0;0,0,0,0,0,0,0,0,0,0;0,0,0,0,0,0,0,0,0,0;0,0,0,0,0,2,2,2,0,0;2,2,2,2,2,2,2,2,2,0

update player1 row_points 0

update player1 combo 0

update player1 skips 0

action moves 8904

Output from your bot: "turnright,down,down,down,down,down,down,down,down,down,down,down,down,down,down,down,right,right,right,down,right,down"

Round 5

update game round 5

update game this_piece_type Z

update game next_piece_type L

update game this_piece_position 3,-1

update player2 row_points 0

update player2 combo 0

update player2 skips 0

update player2 field 0,0,0,0,1,1,0,0,0,0;0,0,0,0,0,0,0,0,0,0;0,0,0,0,0,0,0,0,0,0;0,0,0,0,0,0,0,0,0,0;0,0,0,0,0,0,0,0,0,0;0,0,0,0,0,0,0,0,0,0;0,0,0,0,0,0,0,0,0,0;0,0,0,0,0,0,0,0,0,0;0,0,0,0,0,0,0,0,0,0;0,0,0,0,0,0,0,0,0,0;0,0,0,0,0,0,0,0,0,0;0,0,0,0,0,0,0,0,0,0;0,0,0,0,0,0,0,0,0,0;0,0,0,0,0,0,0,0,0,0;0,0,0,0,0,0,0,0,0,0;0,0,0,0,0,0,0,0,0,0;0,0,0,0,0,0,0,0,0,0;0,0,0,0,0,0,0,0,0,2;0,0,0,0,0,0,0,0,0,2;0,0,0,0,0,2,2,2,0,2

update player1 field 0,0,0,0,1,1,0,0,0,0;0,0,0,0,0,0,0,0,0,0;0,0,0,0,0,0,0,0,0,0;0,0,0,0,0,0,0,0,0,0;0,0,0,0,0,0,0,0,0,0;0,0,0,0,0,0,0,0,0,0;0,0,0,0,0,0,0,0,0,0;0,0,0,0,0,0,0,0,0,0;0,0,0,0,0,0,0,0,0,0;0,0,0,0,0,0,0,0,0,0;0,0,0,0,0,0,0,0,0,0;0,0,0,0,0,0,0,0,0,0;0,0,0,0,0,0,0,0,0,0;0,0,0,0,0,0,0,0,0,0;0,0,0,0,0,0,0,0,0,0;0,0,0,0,0,0,0,0,0,0;0,0,0,0,0,0,0,0,0,0;0,0,0,0,0,0,0,0,0,2;0,0,0,0,0,0,0,0,0,2;0,0,0,0,0,2,2,2,0,2

update player1 row_points 0

update player1 combo 0

update player1 skips 0

action moves 8860

Output from your bot: "down,down,down,down,down,down,down,down,down,down,down,down,down,down,down,down,down,down,right,right"

Round 6

update game round 6

update game this_piece_type L

update game next_piece_type S

update game this_piece_position 3,-1

update player2 row_points 0

update player2 combo 0

update player2 skips 0

update player2 field 0,0,0,1,1,1,0,0,0,0;0,0,0,0,0,0,0,0,0,0;0,0,0,0,0,0,0,0,0,0;0,0,0,0,0,0,0,0,0,0;0,0,0,0,0,0,0,0,0,0;0,0,0,0,0,0,0,0,0,0;0,0,0,0,0,0,0,0,0,0;0,0,0,0,0,0,0,0,0,0;0,0,0,0,0,0,0,0,0,0;0,0,0,0,0,0,0,0,0,0;0,0,0,0,0,0,0,0,0,0;0,0,0,0,0,0,0,0,0,0;0,0,0,0,0,0,0,0,0,0;0,0,0,0,0,0,0,0,0,0;0,0,0,0,0,0,0,0,0,0;0,0,0,0,0,0,0,0,0,0;0,0,0,0,0,0,0,0,0,0;0,0,0,0,0,2,2,0,0,2;0,0,0,0,0,0,2,2,0,2;0,0,0,0,0,2,2,2,0,2

update player1 field 0,0,0,1,1,1,0,0,0,0;0,0,0,0,0,0,0,0,0,0;0,0,0,0,0,0,0,0,0,0;0,0,0,0,0,0,0,0,0,0;0,0,0,0,0,0,0,0,0,0;0,0,0,0,0,0,0,0,0,0;0,0,0,0,0,0,0,0,0,0;0,0,0,0,0,0,0,0,0,0;0,0,0,0,0,0,0,0,0,0;0,0,0,0,0,0,0,0,0,0;0,0,0,0,0,0,0,0,0,0;0,0,0,0,0,0,0,0,0,0;0,0,0,0,0,0,0,0,0,0;0,0,0,0,0,0,0,0,0,0;0,0,0,0,0,0,0,0,0,0;0,0,0,0,0,0,0,0,0,0;0,0,0,0,0,0,0,0,0,0;0,0,0,0,0,2,0,0,0,2;0,0,0,0,2,2,0,0,0,2;0,0,0,0,2,2,2,2,0,2

update player1 row_points 0

update player1 combo 0

update player1 skips 0

action moves 8256

Output from your bot: "turnright,turnright,turnright,down,down,down,down,down,down,down,down,down,down,down,down,down,down,down,right,right,right,down,right,down,down"

Round 7

update game round 7

update game this_piece_type S

update game next_piece_type S

update game this_piece_position 3,-1

update player2 row_points 0

update player2 combo 0

update player2 skips 0

update player2 field 0,0,0,1,1,0,0,0,0,0;0,0,0,0,0,0,0,0,0,0;0,0,0,0,0,0,0,0,0,0;0,0,0,0,0,0,0,0,0,0;0,0,0,0,0,0,0,0,0,0;0,0,0,0,0,0,0,0,0,0;0,0,0,0,0,0,0,0,0,0;0,0,0,0,0,0,0,0,0,0;0,0,0,0,0,0,0,0,0,0;0,0,0,0,0,0,0,0,0,0;0,0,0,0,0,0,0,0,0,0;0,0,0,0,0,0,0,0,0,0;0,0,0,0,0,0,0,0,0,0;0,0,0,0,0,0,0,0,0,0;0,0,0,0,0,0,0,0,0,0;0,0,0,0,0,0,0,0,0,0;0,0,0,0,0,0,0,0,0,0;0,0,0,0,0,2,2,2,2,2;0,0,0,0,0,0,2,2,2,2;0,0,0,0,0,2,2,2,2,2

update player1 field 0,0,0,1,1,0,0,0,0,0;0,0,0,0,0,0,0,0,0,0;0,0,0,0,0,0,0,0,0,0;0,0,0,0,0,0,0,0,0,0;0,0,0,0,0,0,0,0,0,0;0,0,0,0,0,0,0,0,0,0;0,0,0,0,0,0,0,0,0,0;0,0,0,0,0,0,0,0,0,0;0,0,0,0,0,0,0,0,0,0;0,0,0,0,0,0,0,0,0,0;0,0,0,0,0,0,0,0,0,0;0,0,0,0,0,0,0,0,0,0;0,0,0,0,0,0,0,0,0,0;0,0,0,0,0,0,0,0,0,0;0,0,0,0,0,0,0,0,0,0;0,0,0,0,0,0,0,0,0,0;0,0,0,0,0,0,0,0,0,0;0,0,0,0,0,2,0,0,0,2;0,0,2,0,2,2,0,0,0,2;2,2,2,0,2,2,2,2,0,2

update player1 row_points 0

update player1 combo 0

update player1 skips 0

action moves 8097

Output from your bot: "down,down,down,down,down,down,down,down,down,down,down,down,down,down,down,down,down,left,down,down,right"

Round 8

update game round 8

update game this_piece_type S

update game next_piece_type I

update game this_piece_position 3,-1

update player2 row_points 0

update player2 combo 0

update player2 skips 0

update player2 field 0,0,0,1,1,0,0,0,0,0;0,0,0,0,0,0,0,0,0,0;0,0,0,0,0,0,0,0,0,0;0,0,0,0,0,0,0,0,0,0;0,0,0,0,0,0,0,0,0,0;0,0,0,0,0,0,0,0,0,0;0,0,0,0,0,0,0,0,0,0;0,0,0,0,0,0,0,0,0,0;0,0,0,0,0,0,0,0,0,0;0,0,0,0,0,0,0,0,0,0;0,0,0,0,0,0,0,0,0,0;0,0,0,0,0,0,0,0,0,0;0,0,0,0,0,0,0,0,0,0;0,0,0,0,0,0,0,0,0,0;0,0,0,0,0,0,0,0,0,0;0,0,0,0,0,0,0,0,0,0;0,0,0,0,0,0,0,0,0,0;0,0,0,0,0,2,2,2,2,2;0,0,0,0,2,2,2,2,2,2;0,0,0,2,2,2,2,2,2,2

update player1 field 0,0,0,1,1,0,0,0,0,0;0,0,0,0,0,0,0,0,0,0;0,0,0,0,0,0,0,0,0,0;0,0,0,0,0,0,0,0,0,0;0,0,0,0,0,0,0,0,0,0;0,0,0,0,0,0,0,0,0,0;0,0,0,0,0,0,0,0,0,0;0,0,0,0,0,0,0,0,0,0;0,0,0,0,0,0,0,0,0,0;0,0,0,0,0,0,0,0,0,0;0,0,0,0,0,0,0,0,0,0;0,0,0,0,0,0,0,0,0,0;0,0,0,0,0,0,0,0,0,0;0,0,0,0,0,0,0,0,0,0;0,0,0,0,0,0,0,0,0,0;0,0,0,0,0,0,0,0,0,0;0,0,0,0,0,0,0,0,0,0;0,0,0,0,0,2,0,2,0,2;0,0,2,0,2,2,0,2,2,2;2,2,2,0,2,2,2,2,2,2

update player1 row_points 0

update player1 combo 0

update player1 skips 0

action moves 7905

Output from your bot: "down,down,down,down,down,down,down,down,down,down,down,down,down,down,down,down,down,left,down,left,down"

Round 9

update game round 9

update game this_piece_type I

update game next_piece_type J

update game this_piece_position 3,-1

update player2 row_points 0

update player2 combo 0

update player2 skips 0

update player2 field 0,0,0,1,1,1,1,0,0,0;0,0,0,0,0,0,0,0,0,0;0,0,0,0,0,0,0,0,0,0;0,0,0,0,0,0,0,0,0,0;0,0,0,0,0,0,0,0,0,0;0,0,0,0,0,0,0,0,0,0;0,0,0,0,0,0,0,0,0,0;0,0,0,0,0,0,0,0,0,0;0,0,0,0,0,0,0,0,0,0;0,0,0,0,0,0,0,0,0,0;0,0,0,0,0,0,0,0,0,0;0,0,0,0,0,0,0,0,0,0;0,0,0,0,0,0,0,0,0,0;0,0,0,0,0,0,0,0,0,0;0,0,0,0,0,0,0,0,0,0;0,0,0,0,0,0,0,0,0,0;0,0,0,0,0,0,0,0,0,0;0,0,0,0,0,2,2,2,2,2;0,0,2,2,2,2,2,2,2,2;0,2,2,2,2,2,2,2,2,2

update player1 field 0,0,0,1,1,1,1,0,0,0;0,0,0,0,0,0,0,0,0,0;0,0,0,0,0,0,0,0,0,0;0,0,0,0,0,0,0,0,0,0;0,0,0,0,0,0,0,0,0,0;0,0,0,0,0,0,0,0,0,0;0,0,0,0,0,0,0,0,0,0;0,0,0,0,0,0,0,0,0,0;0,0,0,0,0,0,0,0,0,0;0,0,0,0,0,0,0,0,0,0;0,0,0,0,0,0,0,0,0,0;0,0,0,0,0,0,0,0,0,0;0,0,0,0,0,0,0,0,0,0;0,0,0,0,0,0,0,0,0,0;0,0,0,0,0,0,0,0,0,0;0,0,0,0,0,0,0,0,0,0;0,0,0,0,0,0,0,0,0,0;0,2,2,0,0,2,0,2,0,2;2,2,2,0,2,2,0,2,2,2;2,2,2,0,2,2,2,2,2,2

update player1 row_points 0

update player1 combo 0

update player1 skips 0

action moves 7885

Output from your bot: "turnright,down,down,down,down,down,down,down,down,down,down,down,down,down,down,left,down,left,left,left,down,left,down"

Round 10

update game round 10

update game this_piece_type J

update game next_piece_type J

update game this_piece_position 3,-1

update player2 row_points 0

update player2 combo 0

update player2 skips 0

update player2 field 0,0,0,1,1,1,0,0,0,0;0,0,0,0,0,0,0,0,0,0;0,0,0,0,0,0,0,0,0,0;0,0,0,0,0,0,0,0,0,0;0,0,0,0,0,0,0,0,0,0;0,0,0,0,0,0,0,0,0,0;0,0,0,0,0,0,0,0,0,0;0,0,0,0,0,0,0,0,0,0;0,0,0,0,0,0,0,0,0,0;0,0,0,0,0,0,0,0,0,0;0,0,0,0,0,0,0,0,0,0;0,0,0,0,0,0,0,0,0,0;0,0,0,0,0,0,0,0,0,0;0,0,0,0,0,0,0,0,0,0;0,0,0,0,0,0,0,0,0,0;0,0,0,0,0,0,0,0,0,0;0,0,0,0,0,0,0,0,0,0;2,0,0,0,0,0,0,0,0,0;2,0,0,0,0,2,2,2,2,2;2,0,2,2,2,2,2,2,2,2

update player1 field 0,0,0,1,1,1,0,0,0,0;0,0,0,0,0,0,0,0,0,0;0,0,0,0,0,0,0,0,0,0;0,0,0,0,0,0,0,0,0,0;0,0,0,0,0,0,0,0,0,0;0,0,0,0,0,0,0,0,0,0;0,0,0,0,0,0,0,0,0,0;0,0,0,0,0,0,0,0,0,0;0,0,0,0,0,0,0,0,0,0;0,0,0,0,0,0,0,0,0,0;0,0,0,0,0,0,0,0,0,0;0,0,0,0,0,0,0,0,0,0;0,0,0,0,0,0,0,0,0,0;0,0,0,0,0,0,0,0,0,0;0,0,0,0,0,0,0,0,0,0;0,0,0,0,0,0,0,0,0,0;0,0,0,0,0,0,0,0,0,0;0,0,0,2,0,0,0,0,0,0;0,2,2,2,0,2,0,2,0,2;2,2,2,2,2,2,0,2,2,2

update player1 row_points 0

update player1 combo 0

update player1 skips 0

action moves 7236

Output from your bot: "turnright,down,down,down,down,down,down,down,down,down,down,down,down,down,down,down,down,down,left,left,left,down"

Round 11

update game round 11

update game this_piece_type J

update game next_piece_type J

update game this_piece_position 3,-1

update player2 row_points 0

update player2 combo 0

update player2 skips 0

update player2 field 0,0,0,1,1,1,0,0,0,0;0,0,0,0,0,0,0,0,0,0;0,0,0,0,0,0,0,0,0,0;0,0,0,0,0,0,0,0,0,0;0,0,0,0,0,0,0,0,0,0;0,0,0,0,0,0,0,0,0,0;0,0,0,0,0,0,0,0,0,0;0,0,0,0,0,0,0,0,0,0;0,0,0,0,0,0,0,0,0,0;0,0,0,0,0,0,0,0,0,0;0,0,0,0,0,0,0,0,0,0;0,0,0,0,0,0,0,0,0,0;0,0,0,0,0,0,0,0,0,0;0,0,0,0,0,0,0,0,0,0;0,0,0,0,0,0,0,0,0,0;0,0,0,0,0,0,0,0,0,0;0,0,0,0,0,0,0,0,0,0;0,0,0,0,0,0,0,0,0,0;2,2,2,0,0,0,0,0,0,0;2,2,0,0,0,2,2,2,2,2

update player1 field 0,0,0,1,1,1,0,0,0,0;0,0,0,0,0,0,0,0,0,0;0,0,0,0,0,0,0,0,0,0;0,0,0,0,0,0,0,0,0,0;0,0,0,0,0,0,0,0,0,0;0,0,0,0,0,0,0,0,0,0;0,0,0,0,0,0,0,0,0,0;0,0,0,0,0,0,0,0,0,0;0,0,0,0,0,0,0,0,0,0;0,0,0,0,0,0,0,0,0,0;0,0,0,0,0,0,0,0,0,0;0,0,0,0,0,0,0,0,0,0;0,0,0,0,0,0,0,0,0,0;0,0,0,0,0,0,0,0,0,0;0,0,0,0,0,0,0,0,0,0;0,0,0,0,0,0,0,0,0,0;0,0,0,0,0,0,0,0,0,0;0,0,0,0,0,0,0,0,0,0;0,0,0,2,0,0,2,2,0,0;0,2,2,2,0,2,2,2,0,2

update player1 row_points 0

update player1 combo 0

update player1 skips 0

action moves 6419

Output from your bot: "turnright,turnright,turnright,down,down,down,down,down,down,down,down,down,down,down,down,down,down,down,down,down,down,left"

Round 12

update game round 12

update game this_piece_type J

update game next_piece_type I

update game this_piece_position 3,-1

update player2 row_points 0

update player2 combo 0

update player2 skips 0

update player2 field 0,0,0,1,1,1,0,0,0,0;0,0,0,0,0,0,0,0,0,0;0,0,0,0,0,0,0,0,0,0;0,0,0,0,0,0,0,0,0,0;0,0,0,0,0,0,0,0,0,0;0,0,0,0,0,0,0,0,0,0;0,0,0,0,0,0,0,0,0,0;0,0,0,0,0,0,0,0,0,0;0,0,0,0,0,0,0,0,0,0;0,0,0,0,0,0,0,0,0,0;0,0,0,0,0,0,0,0,0,0;0,0,0,0,0,0,0,0,0,0;0,0,0,0,0,0,0,0,0,0;0,0,0,0,0,0,0,0,0,0;0,0,0,0,0,0,0,0,0,0;0,0,0,0,0,0,0,0,0,0;0,0,0,0,0,0,0,0,0,0;0,0,0,2,0,0,0,0,0,0;2,2,2,2,0,0,0,0,0,0;2,2,2,2,0,2,2,2,2,2

update player1 field 0,0,0,1,1,1,0,0,0,0;0,0,0,0,0,0,0,0,0,0;0,0,0,0,0,0,0,0,0,0;0,0,0,0,0,0,0,0,0,0;0,0,0,0,0,0,0,0,0,0;0,0,0,0,0,0,0,0,0,0;0,0,0,0,0,0,0,0,0,0;0,0,0,0,0,0,0,0,0,0;0,0,0,0,0,0,0,0,0,0;0,0,0,0,0,0,0,0,0,0;0,0,0,0,0,0,0,0,0,0;0,0,0,0,0,0,0,0,0,0;0,0,0,0,0,0,0,0,0,0;0,0,0,0,0,0,0,0,0,0;0,0,0,0,0,0,0,0,0,0;0,0,0,0,0,0,0,0,0,0;0,0,0,0,0,0,0,0,0,0;2,2,0,0,0,0,0,0,0,0;2,0,0,2,0,0,2,2,0,0;2,2,2,2,0,2,2,2,0,2

update player1 row_points 0

update player1 combo 0

update player1 skips 0

action moves 5527

Output from your bot: "turnright,down,down,down,down,down,down,down,down,down,down,down,down,down,down,down,down,down,down"

Round 13

update game round 13

update game this_piece_type I

update game next_piece_type S

update game this_piece_position 3,-1

update player2 row_points 0

update player2 combo 0

update player2 skips 0

update player2 field 0,0,0,1,1,1,1,0,0,0;0,0,0,0,0,0,0,0,0,0;0,0,0,0,0,0,0,0,0,0;0,0,0,0,0,0,0,0,0,0;0,0,0,0,0,0,0,0,0,0;0,0,0,0,0,0,0,0,0,0;0,0,0,0,0,0,0,0,0,0;0,0,0,0,0,0,0,0,0,0;0,0,0,0,0,0,0,0,0,0;0,0,0,0,0,0,0,0,0,0;0,0,0,0,0,0,0,0,0,0;0,0,0,0,0,0,0,0,0,0;0,0,0,0,0,0,0,0,0,0;0,0,0,0,0,0,0,0,0,0;0,0,0,0,0,0,0,0,0,0;0,0,0,0,0,0,0,0,0,0;0,0,0,0,0,0,0,0,0,0;0,0,0,0,0,0,0,0,0,0;0,0,0,2,2,2,0,0,0,0;2,2,2,2,2,0,0,0,0,0

update player1 field 0,0,0,1,1,1,1,0,0,0;0,0,0,0,0,0,0,0,0,0;0,0,0,0,0,0,0,0,0,0;0,0,0,0,0,0,0,0,0,0;0,0,0,0,0,0,0,0,0,0;0,0,0,0,0,0,0,0,0,0;0,0,0,0,0,0,0,0,0,0;0,0,0,0,0,0,0,0,0,0;0,0,0,0,0,0,0,0,0,0;0,0,0,0,0,0,0,0,0,0;0,0,0,0,0,0,0,0,0,0;0,0,0,0,0,0,0,0,0,0;0,0,0,0,0,0,0,0,0,0;0,0,0,0,0,0,0,0,0,0;0,0,0,0,0,0,0,0,0,0;0,0,0,0,0,0,0,0,0,0;0,0,0,0,0,0,0,0,0,0;2,2,0,0,2,2,0,0,0,0;2,0,0,2,2,0,2,2,0,0;2,2,2,2,2,2,2,2,0,2

update player1 row_points 0

update player1 combo 0

update player1 skips 0

action moves 5399

Output from your bot: "down,down,down,down,down,down,down,down,down,down,down,down,down,down,down,down,down,right,right,right,down,down,left"

Round 14

update game round 14

update game this_piece_type S

update game next_piece_type Z

update game this_piece_position 3,-1

update player2 row_points 0

update player2 combo 0

update player2 skips 0

update player2 field 0,0,0,1,1,0,0,0,0,0;0,0,0,0,0,0,0,0,0,0;0,0,0,0,0,0,0,0,0,0;0,0,0,0,0,0,0,0,0,0;0,0,0,0,0,0,0,0,0,0;0,0,0,0,0,0,0,0,0,0;0,0,0,0,0,0,0,0,0,0;0,0,0,0,0,0,0,0,0,0;0,0,0,0,0,0,0,0,0,0;0,0,0,0,0,0,0,0,0,0;0,0,0,0,0,0,0,0,0,0;0,0,0,0,0,0,0,0,0,0;0,0,0,0,0,0,0,0,0,0;0,0,0,0,0,0,0,0,0,0;0,0,0,0,0,0,0,0,0,0;0,0,0,0,0,0,0,0,0,0;0,0,0,0,0,0,0,0,0,0;0,0,0,0,0,0,0,0,0,0;0,0,0,2,2,2,0,0,0,0;2,2,2,2,2,2,2,2,2,0

update player1 field 0,0,0,1,1,0,0,0,0,0;0,0,0,0,0,0,0,0,0,0;0,0,0,0,0,0,0,0,0,0;0,0,0,0,0,0,0,0,0,0;0,0,0,0,0,0,0,0,0,0;0,0,0,0,0,0,0,0,0,0;0,0,0,0,0,0,0,0,0,0;0,0,0,0,0,0,0,0,0,0;0,0,0,0,0,0,0,0,0,0;0,0,0,0,0,0,0,0,0,0;0,0,0,0,0,0,0,0,0,0;0,0,0,0,0,0,0,0,0,0;0,0,0,0,0,0,0,0,0,0;0,0,0,0,0,0,0,0,0,0;0,0,0,0,0,0,0,0,0,0;0,0,0,0,0,0,0,0,0,0;0,0,0,0,0,0,0,0,0,0;2,2,0,0,2,2,2,2,2,2;2,0,0,2,2,0,2,2,0,0;2,2,2,2,2,2,2,2,0,2

update player1 row_points 0

update player1 combo 0

update player1 skips 0

action moves 5368

Output from your bot: "turnright,down,down,down,down,down,down,down,down,down,down,down,down,down,down,down,down,right,down,right,right,right,down"

Round 15

update game round 15

update game this_piece_type Z

update game next_piece_type L

update game this_piece_position 3,-1

update player2 row_points 0

update player2 combo 0

update player2 skips 0

update player2 field 0,0,0,0,1,1,0,0,0,0;0,0,0,0,0,0,0,0,0,0;0,0,0,0,0,0,0,0,0,0;0,0,0,0,0,0,0,0,0,0;0,0,0,0,0,0,0,0,0,0;0,0,0,0,0,0,0,0,0,0;0,0,0,0,0,0,0,0,0,0;0,0,0,0,0,0,0,0,0,0;0,0,0,0,0,0,0,0,0,0;0,0,0,0,0,0,0,0,0,0;0,0,0,0,0,0,0,0,0,0;0,0,0,0,0,0,0,0,0,0;0,0,0,0,0,0,0,0,0,0;0,0,0,0,0,0,0,0,0,0;0,0,0,0,0,0,0,0,0,0;0,0,0,0,0,0,0,0,0,0;0,0,0,0,0,0,0,0,0,0;0,0,0,0,0,0,0,0,0,0;0,0,0,0,0,0,0,0,2,0;0,0,0,2,2,2,0,0,2,2

update player1 field 0,0,0,0,1,1,0,0,0,0;0,0,0,0,0,0,0,0,0,0;0,0,0,0,0,0,0,0,0,0;0,0,0,0,0,0,0,0,0,0;0,0,0,0,0,0,0,0,0,0;0,0,0,0,0,0,0,0,0,0;0,0,0,0,0,0,0,0,0,0;0,0,0,0,0,0,0,0,0,0;0,0,0,0,0,0,0,0,0,0;0,0,0,0,0,0,0,0,0,0;0,0,0,0,0,0,0,0,0,0;0,0,0,0,0,0,0,0,0,0;0,0,0,0,0,0,0,0,0,0;0,0,0,0,0,0,0,0,0,0;0,0,0,0,0,0,0,0,0,0;0,0,0,0,0,0,0,2,2,0;0,0,0,0,0,0,2,2,0,0;2,2,0,0,2,2,2,2,2,2;2,0,0,2,2,0,2,2,0,0;2,2,2,2,2,2,2,2,0,2

update player1 row_points 0

update player1 combo 0

update player1 skips 0

action moves 5371

Output from your bot: "down,down,down,down,down,down,down,down,down,down,down,down,down,down,down,down,down,down,right,right,down"

Round 16

update game round 16

update game this_piece_type L

update game next_piece_type I

update game this_piece_position 3,-1

update player2 row_points 0

update player2 combo 0

update player2 skips 0

update player2 field 0,0,0,1,1,1,0,0,0,0;0,0,0,0,0,0,0,0,0,0;0,0,0,0,0,0,0,0,0,0;0,0,0,0,0,0,0,0,0,0;0,0,0,0,0,0,0,0,0,0;0,0,0,0,0,0,0,0,0,0;0,0,0,0,0,0,0,0,0,0;0,0,0,0,0,0,0,0,0,0;0,0,0,0,0,0,0,0,0,0;0,0,0,0,0,0,0,0,0,0;0,0,0,0,0,0,0,0,0,0;0,0,0,0,0,0,0,0,0,0;0,0,0,0,0,0,0,0,0,0;0,0,0,0,0,0,0,0,0,0;0,0,0,0,0,0,0,0,0,0;0,0,0,0,0,0,0,0,0,0;0,0,0,0,0,0,0,0,0,0;0,0,0,0,0,2,2,0,2,0;0,0,0,2,2,2,2,2,2,2;3,3,3,3,3,3,3,3,3,3

update player1 field 0,0,0,1,1,1,0,0,0,0;0,0,0,0,0,0,0,0,0,0;0,0,0,0,0,0,0,0,0,0;0,0,0,0,0,0,0,0,0,0;0,0,0,0,0,0,0,0,0,0;0,0,0,0,0,0,0,0,0,0;0,0,0,0,0,0,0,0,0,0;0,0,0,0,0,0,0,0,0,0;0,0,0,0,0,0,0,0,0,0;0,0,0,0,0,0,0,0,0,0;0,0,0,0,0,0,0,0,0,0;0,0,0,0,0,0,0,0,0,0;0,0,0,0,0,0,0,0,0,0;0,0,0,0,0,0,0,0,0,0;0,0,0,0,0,0,0,0,0,0;0,0,0,0,0,0,0,2,2,0;0,0,0,2,0,0,2,2,0,0;2,0,2,2,2,0,2,2,0,0;2,2,2,2,2,2,2,2,0,2;3,3,3,3,3,3,3,3,3,3

update player1 row_points 0

update player1 combo 0

update player1 skips 0

action moves 4785

Output from your bot: "down,down,down,down,down,down,down,down,down,down,down,down,down,down,down,down,left,down,left,left,down"

Round 17

update game round 17

update game this_piece_type I

update game next_piece_type O

update game this_piece_position 3,-1

update player2 row_points 0

update player2 combo 0

update player2 skips 0

update player2 field 0,0,0,1,1,1,1,0,0,0;0,0,0,0,0,0,0,0,0,0;0,0,0,0,0,0,0,0,0,0;0,0,0,0,0,0,0,0,0,0;0,0,0,0,0,0,0,0,0,0;0,0,0,0,0,0,0,0,0,0;0,0,0,0,0,0,0,0,0,0;0,0,0,0,0,0,0,0,0,0;0,0,0,0,0,0,0,0,0,0;0,0,0,0,0,0,0,0,0,0;0,0,0,0,0,0,0,0,0,0;0,0,0,0,0,0,0,0,0,0;0,0,0,0,0,0,0,0,0,0;0,0,0,0,0,0,0,0,0,0;0,0,0,0,0,0,0,0,0,0;0,0,0,0,0,0,0,0,0,0;0,0,0,0,0,0,0,0,0,0;0,0,0,0,0,0,0,0,0,0;0,0,2,0,0,2,2,0,2,0;3,3,3,3,3,3,3,3,3,3

update player1 field 0,0,0,1,1,1,1,0,0,0;0,0,0,0,0,0,0,0,0,0;0,0,0,0,0,0,0,0,0,0;0,0,0,0,0,0,0,0,0,0;0,0,0,0,0,0,0,0,0,0;0,0,0,0,0,0,0,0,0,0;0,0,0,0,0,0,0,0,0,0;0,0,0,0,0,0,0,0,0,0;0,0,0,0,0,0,0,0,0,0;0,0,0,0,0,0,0,0,0,0;0,0,0,0,0,0,0,0,0,0;0,0,0,0,0,0,0,0,0,0;0,0,0,0,0,0,0,0,0,0;0,0,0,0,0,0,0,0,0,0;0,0,0,0,0,0,0,0,0,0;2,2,0,0,0,0,0,2,2,0;0,2,0,2,0,0,2,2,0,0;2,2,2,2,2,0,2,2,0,0;2,2,2,2,2,2,2,2,0,2;3,3,3,3,3,3,3,3,3,3

update player1 row_points 0

update player1 combo 0

update player1 skips 0

action moves 4530

Output from your bot: "turnright,down,down,down,down,down,down,down,down,down,down,down,down,down,down,down,right,right,right,right,down"

Round 18

update game round 18

update game this_piece_type O

update game next_piece_type T

update game this_piece_position 4,-1

update player2 row_points 0

update player2 combo 0

update player2 skips 0

update player2 field 0,0,0,0,1,1,0,0,0,0;0,0,0,0,0,0,0,0,0,0;0,0,0,0,0,0,0,0,0,0;0,0,0,0,0,0,0,0,0,0;0,0,0,0,0,0,0,0,0,0;0,0,0,0,0,0,0,0,0,0;0,0,0,0,0,0,0,0,0,0;0,0,0,0,0,0,0,0,0,0;0,0,0,0,0,0,0,0,0,0;0,0,0,0,0,0,0,0,0,0;0,0,0,0,0,0,0,0,0,0;0,0,0,0,0,0,0,0,0,0;0,0,0,0,0,0,0,0,0,0;0,0,0,0,0,0,0,0,0,0;0,0,0,0,0,0,0,0,0,0;0,0,0,0,0,0,0,0,0,2;0,0,0,0,0,0,0,0,0,2;0,0,0,0,0,0,0,0,0,2;0,0,2,0,0,2,2,0,2,2;3,3,3,3,3,3,3,3,3,3

update player1 field 0,0,0,0,1,1,0,0,0,0;0,0,0,0,0,0,0,0,0,0;0,0,0,0,0,0,0,0,0,0;0,0,0,0,0,0,0,0,0,0;0,0,0,0,0,0,0,0,0,0;0,0,0,0,0,0,0,0,0,0;0,0,0,0,0,0,0,0,0,0;0,0,0,0,0,0,0,0,0,0;0,0,0,0,0,0,0,0,0,0;0,0,0,0,0,0,0,0,0,0;0,0,0,0,0,0,0,0,0,0;0,0,0,0,0,0,0,0,0,0;0,0,0,0,0,0,0,0,0,0;0,0,0,0,0,0,0,0,0,0;0,0,0,0,0,0,0,0,0,2;2,2,0,0,0,0,0,2,2,2;0,2,0,2,0,0,2,2,0,2;2,2,2,2,2,0,2,2,0,2;2,2,2,2,2,2,2,2,0,2;3,3,3,3,3,3,3,3,3,3

update player1 row_points 0

update player1 combo 0

update player1 skips 0

action moves 4560

Output from your bot: "down,down,down,down,down,down,down,down,down,down,down,down,down,down,down,down,down,left,left,left,left,down"

Round 19

update game round 19

update game this_piece_type T

update game next_piece_type S

update game this_piece_position 3,-1

update player2 row_points 0

update player2 combo 0

update player2 skips 0

update player2 field 0,0,0,1,1,1,0,0,0,0;0,0,0,0,0,0,0,0,0,0;0,0,0,0,0,0,0,0,0,0;0,0,0,0,0,0,0,0,0,0;0,0,0,0,0,0,0,0,0,0;0,0,0,0,0,0,0,0,0,0;0,0,0,0,0,0,0,0,0,0;0,0,0,0,0,0,0,0,0,0;0,0,0,0,0,0,0,0,0,0;0,0,0,0,0,0,0,0,0,0;0,0,0,0,0,0,0,0,0,0;0,0,0,0,0,0,0,0,0,0;0,0,0,0,0,0,0,0,0,0;0,0,0,0,0,0,0,0,0,0;0,0,0,0,0,0,0,0,0,0;0,0,0,0,0,0,0,0,0,2;0,0,0,0,0,0,0,0,0,2;2,2,0,0,0,0,0,0,0,2;2,2,2,0,0,2,2,0,2,2;3,3,3,3,3,3,3,3,3,3

update player1 field 0,0,0,1,1,1,0,0,0,0;0,0,0,0,0,0,0,0,0,0;0,0,0,0,0,0,0,0,0,0;0,0,0,0,0,0,0,0,0,0;0,0,0,0,0,0,0,0,0,0;0,0,0,0,0,0,0,0,0,0;0,0,0,0,0,0,0,0,0,0;0,0,0,0,0,0,0,0,0,0;0,0,0,0,0,0,0,0,0,0;0,0,0,0,0,0,0,0,0,0;0,0,0,0,0,0,0,0,0,0;0,0,0,0,0,0,0,0,0,0;0,0,0,0,0,0,0,0,0,0;0,0,0,0,0,0,0,0,0,0;0,0,2,2,0,0,0,0,0,2;2,2,2,2,0,0,0,2,2,2;0,2,0,2,0,0,2,2,0,2;2,2,2,2,2,0,2,2,0,2;2,2,2,2,2,2,2,2,0,2;3,3,3,3,3,3,3,3,3,3

update player1 row_points 0

update player1 combo 0

update player1 skips 0

action moves 3730

Output from your bot: "turnright,turnright,down,down,down,down,down,down,down,down,down,down,down,down,down,down,down,down,right,right,right,down"

Round 20

update game round 20

update game this_piece_type S

update game next_piece_type Z

update game this_piece_position 3,-1

update player2 row_points 0

update player2 combo 0

update player2 skips 0

update player2 field 0,0,0,1,1,0,0,0,0,0;0,0,0,0,0,0,0,0,0,0;0,0,0,0,0,0,0,0,0,0;0,0,0,0,0,0,0,0,0,0;0,0,0,0,0,0,0,0,0,0;0,0,0,0,0,0,0,0,0,0;0,0,0,0,0,0,0,0,0,0;0,0,0,0,0,0,0,0,0,0;0,0,0,0,0,0,0,0,0,0;0,0,0,0,0,0,0,0,0,0;0,0,0,0,0,0,0,0,0,0;0,0,0,0,0,0,0,0,0,0;0,0,0,0,0,0,0,0,0,0;0,0,0,0,0,0,0,0,0,0;0,0,0,0,0,0,0,0,0,0;0,0,0,0,0,0,0,0,0,2;0,0,0,0,0,0,0,0,0,2;2,2,0,0,0,0,2,2,2,2;2,2,2,0,0,2,2,2,2,2;3,3,3,3,3,3,3,3,3,3

update player1 field 0,0,0,1,1,0,0,0,0,0;0,0,0,0,0,0,0,0,0,0;0,0,0,0,0,0,0,0,0,0;0,0,0,0,0,0,0,0,0,0;0,0,0,0,0,0,0,0,0,0;0,0,0,0,0,0,0,0,0,0;0,0,0,0,0,0,0,0,0,0;0,0,0,0,0,0,0,0,0,0;0,0,0,0,0,0,0,0,0,0;0,0,0,0,0,0,0,0,0,0;0,0,0,0,0,0,0,0,0,0;0,0,0,0,0,0,0,0,0,0;0,0,0,0,0,0,0,0,0,0;0,0,0,0,0,0,0,0,0,0;0,0,2,2,2,0,0,0,0,2;2,2,2,2,2,2,0,2,2,2;0,2,0,2,2,0,2,2,0,2;2,2,2,2,2,0,2,2,0,2;2,2,2,2,2,2,2,2,0,2;3,3,3,3,3,3,3,3,3,3

update player1 row_points 0

update player1 combo 0

update player1 skips 0

action moves 3637

Output from your bot: "turnright,down,down,down,down,down,down,down,down,down,down,down,down,down,down,down,down,left,down,left"

Round 21

update game round 21

update game this_piece_type Z

update game next_piece_type O

update game this_piece_position 3,-1

update player2 row_points 0

update player2 combo 0

update player2 skips 0

update player2 field 0,0,0,0,1,1,0,0,0,0;0,0,0,0,0,0,0,0,0,0;0,0,0,0,0,0,0,0,0,0;0,0,0,0,0,0,0,0,0,0;0,0,0,0,0,0,0,0,0,0;0,0,0,0,0,0,0,0,0,0;0,0,0,0,0,0,0,0,0,0;0,0,0,0,0,0,0,0,0,0;0,0,0,0,0,0,0,0,0,0;0,0,0,0,0,0,0,0,0,0;0,0,0,0,0,0,0,0,0,0;0,0,0,0,0,0,0,0,0,0;0,0,0,0,0,0,0,0,0,0;0,0,0,0,0,0,0,0,0,0;0,0,0,0,0,0,0,0,0,0;0,0,0,0,0,0,0,0,0,2;0,0,2,0,0,0,0,0,0,2;2,2,2,2,0,0,2,2,2,2;2,2,2,2,0,2,2,2,2,2;3,3,3,3,3,3,3,3,3,3

update player1 field 0,0,0,0,1,1,0,0,0,0;0,0,0,0,0,0,0,0,0,0;0,0,0,0,0,0,0,0,0,0;0,0,0,0,0,0,0,0,0,0;0,0,0,0,0,0,0,0,0,0;0,0,0,0,0,0,0,0,0,0;0,0,0,0,0,0,0,0,0,0;0,0,0,0,0,0,0,0,0,0;0,0,0,0,0,0,0,0,0,0;0,0,0,0,0,0,0,0,0,0;0,0,0,0,0,0,0,0,0,0;0,0,0,0,0,0,0,0,0,0;0,0,0,0,0,0,0,0,0,0;0,2,2,0,0,0,0,0,0,0;2,2,2,2,2,0,0,0,0,2;2,2,2,2,2,2,0,2,2,2;0,2,0,2,2,0,2,2,0,2;2,2,2,2,2,0,2,2,0,2;2,2,2,2,2,2,2,2,0,2;3,3,3,3,3,3,3,3,3,3

update player1 row_points 0

update player1 combo 0

update player1 skips 0

action moves 3565

Output from your bot: "turnright,down,down,down,down,down,down,down,down,down,down,down,down,down,down,down,down,down"

Round 22

update game round 22

update game this_piece_type O

update game next_piece_type I

update game this_piece_position 4,-1

update player2 row_points 3

update player2 combo 1

update player2 skips 0

update player2 field 0,0,0,0,1,1,0,0,0,0;0,0,0,0,0,0,0,0,0,0;0,0,0,0,0,0,0,0,0,0;0,0,0,0,0,0,0,0,0,0;0,0,0,0,0,0,0,0,0,0;0,0,0,0,0,0,0,0,0,0;0,0,0,0,0,0,0,0,0,0;0,0,0,0,0,0,0,0,0,0;0,0,0,0,0,0,0,0,0,0;0,0,0,0,0,0,0,0,0,0;0,0,0,0,0,0,0,0,0,0;0,0,0,0,0,0,0,0,0,0;0,0,0,0,0,0,0,0,0,0;0,0,0,0,0,0,0,0,0,0;0,0,0,0,0,0,0,0,0,0;0,0,0,0,0,0,0,0,0,0;0,0,0,0,0,0,0,0,0,0;0,0,0,0,0,0,0,0,0,2;0,0,2,0,0,2,0,0,0,2;3,3,3,3,3,3,3,3,3,3

update player1 field 0,0,0,0,1,1,0,0,0,0;0,0,0,0,0,0,0,0,0,0;0,0,0,0,0,0,0,0,0,0;0,0,0,0,0,0,0,0,0,0;0,0,0,0,0,0,0,0,0,0;0,0,0,0,0,0,0,0,0,0;0,0,0,0,0,0,0,0,0,0;0,0,0,0,0,0,0,0,0,0;0,0,0,0,0,0,0,0,0,0;0,0,0,0,0,0,0,0,0,0;0,0,0,0,0,0,0,0,0,0;0,0,0,0,0,0,0,0,0,0;0,2,2,0,2,2,0,0,0,0;2,2,2,2,2,2,2,0,0,2;2,2,2,2,2,2,0,2,2,2;0,2,0,2,2,0,2,2,0,2;2,2,2,2,2,0,2,2,0,2;2,2,2,2,2,2,2,2,0,2;2,2,2,2,2,2,0,2,2,0;3,3,3,3,3,3,3,3,3,3

update player1 row_points 0

update player1 combo 0

update player1 skips 0

action moves 3757

Output from your bot: "down,down,down,down,down,down,down,down,down,down,down,down,down,down,down,down,down,right,right,down"

Round 23

update game round 23

update game this_piece_type I

update game next_piece_type J

update game this_piece_position 3,-1

update player2 row_points 3

update player2 combo 0

update player2 skips 0

update player2 field 0,0,0,1,1,1,1,0,0,0;0,0,0,0,0,0,0,0,0,0;0,0,0,0,0,0,0,0,0,0;0,0,0,0,0,0,0,0,0,0;0,0,0,0,0,0,0,0,0,0;0,0,0,0,0,0,0,0,0,0;0,0,0,0,0,0,0,0,0,0;0,0,0,0,0,0,0,0,0,0;0,0,0,0,0,0,0,0,0,0;0,0,0,0,0,0,0,0,0,0;0,0,0,0,0,0,0,0,0,0;0,0,0,0,0,0,0,0,0,0;0,0,0,0,0,0,0,0,0,0;0,0,0,0,0,0,0,0,0,0;0,0,0,0,0,0,0,0,0,0;0,0,0,0,0,0,0,0,0,0;0,0,0,0,0,0,0,0,0,0;0,0,0,0,0,0,2,2,0,2;0,0,2,0,0,2,2,2,0,2;3,3,3,3,3,3,3,3,3,3

update player1 field 0,0,0,1,1,1,1,0,0,0;0,0,0,0,0,0,0,0,0,0;0,0,0,0,0,0,0,0,0,0;0,0,0,0,0,0,0,0,0,0;0,0,0,0,0,0,0,0,0,0;0,0,0,0,0,0,0,0,0,0;0,0,0,0,0,0,0,0,0,0;0,0,0,0,0,0,0,0,0,0;0,0,0,0,0,0,0,0,0,0;0,0,0,0,0,0,0,0,0,0;0,0,0,0,0,0,0,0,0,0;0,0,0,0,0,0,0,0,0,0;0,0,0,0,0,0,0,0,0,0;0,2,2,0,2,2,0,2,2,0;2,2,2,2,2,2,0,2,2,2;0,2,0,2,2,0,2,2,0,2;2,2,2,2,2,0,2,2,0,2;2,2,2,2,2,2,2,2,0,2;2,2,2,2,2,2,0,2,2,0;3,3,3,3,3,3,3,3,3,3

update player1 row_points 0

update player1 combo 0

update player1 skips 0

action moves 3699

Output from your bot: "turnright,down,down,down,down,down,down,down,down,down,down,down,down,down,down,down,left,left,left,left,down,left"

Round 24

update game round 24

update game this_piece_type J

update game next_piece_type S

update game this_piece_position 3,-1

update player2 row_points 3

update player2 combo 0

update player2 skips 0

update player2 field 0,0,0,1,1,1,0,0,0,0;0,0,0,0,0,0,0,0,0,0;0,0,0,0,0,0,0,0,0,0;0,0,0,0,0,0,0,0,0,0;0,0,0,0,0,0,0,0,0,0;0,0,0,0,0,0,0,0,0,0;0,0,0,0,0,0,0,0,0,0;0,0,0,0,0,0,0,0,0,0;0,0,0,0,0,0,0,0,0,0;0,0,0,0,0,0,0,0,0,0;0,0,0,0,0,0,0,0,0,0;0,0,0,0,0,0,0,0,0,0;0,0,0,0,0,0,0,0,0,0;0,0,0,0,0,0,0,0,0,0;0,0,0,0,0,0,0,0,0,0;2,0,0,0,0,0,0,0,0,0;2,0,0,0,0,0,0,0,0,0;2,0,0,0,0,0,2,2,0,2;2,0,2,0,0,2,2,2,0,2;3,3,3,3,3,3,3,3,3,3

update player1 field 0,0,0,1,1,1,0,0,0,0;0,0,0,0,0,0,0,0,0,0;0,0,0,0,0,0,0,0,0,0;0,0,0,0,0,0,0,0,0,0;0,0,0,0,0,0,0,0,0,0;0,0,0,0,0,0,0,0,0,0;0,0,0,0,0,0,0,0,0,0;0,0,0,0,0,0,0,0,0,0;0,0,0,0,0,0,0,0,0,0;0,0,0,0,0,0,0,0,0,0;0,0,0,0,0,0,0,0,0,0;0,0,0,0,0,0,0,0,0,0;0,0,0,0,0,0,2,0,0,0;0,0,0,0,0,0,2,0,0,0;0,2,2,0,2,2,2,2,2,0;0,2,0,2,2,0,2,2,0,2;2,2,2,2,2,0,2,2,0,2;2,2,2,2,2,2,2,2,0,2;2,2,2,2,2,2,0,2,2,0;3,3,3,3,3,3,3,3,3,3

update player1 row_points 0

update player1 combo 0

update player1 skips 0

action moves 2876

Output from your bot: "turnright,down,down,down,down,down,down,down,down,down,down,down,down,down,down,down,right,right,right,right,down,down"

Round 25

update game round 25

update game this_piece_type S

update game next_piece_type S

update game this_piece_position 3,-1

update player2 row_points 3

update player2 combo 0

update player2 skips 0

update player2 field 0,0,0,1,1,0,0,0,0,0;0,0,0,0,0,0,0,0,0,0;0,0,0,0,0,0,0,0,0,0;0,0,0,0,0,0,0,0,0,0;0,0,0,0,0,0,0,0,0,0;0,0,0,0,0,0,0,0,0,0;0,0,0,0,0,0,0,0,0,0;0,0,0,0,0,0,0,0,0,0;0,0,0,0,0,0,0,0,0,0;0,0,0,0,0,0,0,0,0,0;0,0,0,0,0,0,0,0,0,0;0,0,0,0,0,0,0,0,0,0;0,0,0,0,0,0,0,0,0,0;0,0,0,0,0,0,0,0,0,0;0,0,0,0,0,0,0,0,0,0;2,0,0,0,0,0,0,0,0,0;2,0,0,0,0,0,0,0,2,2;2,0,0,0,0,0,2,2,2,2;2,0,2,0,0,2,2,2,2,2;3,3,3,3,3,3,3,3,3,3

update player1 field 0,0,0,1,1,0,0,0,0,0;0,0,0,0,0,0,0,0,0,0;0,0,0,0,0,0,0,0,0,0;0,0,0,0,0,0,0,0,0,0;0,0,0,0,0,0,0,0,0,0;0,0,0,0,0,0,0,0,0,0;0,0,0,0,0,0,0,0,0,0;0,0,0,0,0,0,0,0,0,0;0,0,0,0,0,0,0,0,0,0;0,0,0,0,0,0,0,0,0,0;0,0,0,0,0,0,0,0,0,0;0,0,0,0,0,0,0,0,0,0;0,0,0,0,0,0,2,0,0,0;2,2,0,0,0,0,2,0,0,0;2,2,2,0,2,2,2,2,2,0;2,2,0,2,2,0,2,2,0,2;2,2,2,2,2,0,2,2,0,2;2,2,2,2,2,2,2,2,0,2;2,2,2,2,2,2,0,2,2,0;3,3,3,3,3,3,3,3,3,3

update player1 row_points 0

update player1 combo 0

update player1 skips 0

action moves 2809

Output from your bot: "down,down,down,down,down,down,down,down,down,down,down,down,down,down,down,down,down,down"

Round 26

update game round 26

update game this_piece_type S

update game next_piece_type L

update game this_piece_position 3,-1

update player2 row_points 3

update player2 combo 0

update player2 skips 0

update player2 field 0,0,0,1,1,0,0,0,0,0;0,0,0,0,0,0,0,0,0,0;0,0,0,0,0,0,0,0,0,0;0,0,0,0,0,0,0,0,0,0;0,0,0,0,0,0,0,0,0,0;0,0,0,0,0,0,0,0,0,0;0,0,0,0,0,0,0,0,0,0;0,0,0,0,0,0,0,0,0,0;0,0,0,0,0,0,0,0,0,0;0,0,0,0,0,0,0,0,0,0;0,0,0,0,0,0,0,0,0,0;0,0,0,0,0,0,0,0,0,0;0,0,0,0,0,0,0,0,0,0;0,0,0,0,0,0,0,0,0,0;0,0,0,0,0,0,0,0,0,0;2,0,0,0,0,0,0,0,0,0;2,0,0,0,0,0,0,0,2,2;2,0,0,0,2,2,2,2,2,2;2,0,2,2,2,2,2,2,2,2;3,3,3,3,3,3,3,3,3,3

update player1 field 0,0,0,1,1,0,0,0,0,0;0,0,0,0,0,0,0,0,0,0;0,0,0,0,0,0,0,0,0,0;0,0,0,0,0,0,0,0,0,0;0,0,0,0,0,0,0,0,0,0;0,0,0,0,0,0,0,0,0,0;0,0,0,0,0,0,0,0,0,0;0,0,0,0,0,0,0,0,0,0;0,0,0,0,0,0,0,0,0,0;0,0,0,0,0,0,0,0,0,0;0,0,0,0,0,0,0,0,0,0;0,0,0,0,0,0,0,0,0,0;0,0,2,0,0,0,2,0,0,0;2,2,2,2,0,0,2,0,0,0;2,2,2,2,2,2,2,2,2,0;2,2,0,2,2,0,2,2,0,2;2,2,2,2,2,0,2,2,0,2;2,2,2,2,2,2,2,2,0,2;2,2,2,2,2,2,0,2,2,0;3,3,3,3,3,3,3,3,3,3

update player1 row_points 0

update player1 combo 0

update player1 skips 0

action moves 2899

Output from your bot: "down,down,down,down,down,down,down,down,down,down,down,down,down,down,down,down,right,right,right"

Round 27

update game round 27

update game this_piece_type L

update game next_piece_type J

update game this_piece_position 3,-1

update player2 row_points 3

update player2 combo 0

update player2 skips 0

update player2 field 0,0,0,1,1,1,0,0,0,0;0,0,0,0,0,0,0,0,0,0;0,0,0,0,0,0,0,0,0,0;0,0,0,0,0,0,0,0,0,0;0,0,0,0,0,0,0,0,0,0;0,0,0,0,0,0,0,0,0,0;0,0,0,0,0,0,0,0,0,0;0,0,0,0,0,0,0,0,0,0;0,0,0,0,0,0,0,0,0,0;0,0,0,0,0,0,0,0,0,0;0,0,0,0,0,0,0,0,0,0;0,0,0,0,0,0,0,0,0,0;0,0,0,0,0,0,0,0,0,0;0,0,0,0,0,0,0,0,0,0;0,0,0,0,0,0,0,0,0,0;2,0,0,0,0,0,0,2,2,0;2,0,0,0,0,0,2,2,2,2;2,0,0,0,2,2,2,2,2,2;2,0,2,2,2,2,2,2,2,2;3,3,3,3,3,3,3,3,3,3

update player1 field 0,0,0,1,1,1,0,0,0,0;0,0,0,0,0,0,0,0,0,0;0,0,0,0,0,0,0,0,0,0;0,0,0,0,0,0,0,0,0,0;0,0,0,0,0,0,0,0,0,0;0,0,0,0,0,0,0,0,0,0;0,0,0,0,0,0,0,0,0,0;0,0,0,0,0,0,0,0,0,0;0,0,0,0,0,0,0,0,0,0;0,0,0,0,0,0,0,0,0,0;0,0,0,0,0,0,0,0,0,0;0,0,0,0,0,0,0,0,0,0;0,0,0,0,0,0,0,0,0,0;0,0,2,0,0,0,2,0,2,0;2,2,2,2,0,0,2,0,2,2;2,2,0,2,2,0,2,2,0,2;2,2,2,2,2,0,2,2,0,2;2,2,2,2,2,2,2,2,0,2;2,2,2,2,2,2,0,2,2,0;3,3,3,3,3,3,3,3,3,3

update player1 row_points 0

update player1 combo 0

update player1 skips 0

action moves 2696

Output from your bot: "turnright,turnright,down,down,down,down,down,down,down,down,down,down,down,down,down,down,down,down,left,left,down"

Round 28

update game round 28

update game this_piece_type J

update game next_piece_type S

update game this_piece_position 3,-1

update player2 row_points 6

update player2 combo 1

update player2 skips 0

update player2 field 0,0,0,1,1,1,0,0,0,0;0,0,0,0,0,0,0,0,0,0;0,0,0,0,0,0,0,0,0,0;0,0,0,0,0,0,0,0,0,0;0,0,0,0,0,0,0,0,0,0;0,0,0,0,0,0,0,0,0,0;0,0,0,0,0,0,0,0,0,0;0,0,0,0,0,0,0,0,0,0;0,0,0,0,0,0,0,0,0,0;0,0,0,0,0,0,0,0,0,0;0,0,0,0,0,0,0,0,0,0;0,0,0,0,0,0,0,0,0,0;0,0,0,0,0,0,0,0,0,0;0,0,0,0,0,0,0,0,0,0;0,0,0,0,0,0,0,0,0,0;0,0,0,0,0,0,0,0,0,0;0,0,0,0,0,0,0,0,0,0;2,0,0,0,0,0,0,2,2,0;2,0,0,0,0,0,2,2,2,2;3,3,3,3,3,3,3,3,3,3

update player1 field 0,0,0,1,1,1,0,0,0,0;0,0,0,0,0,0,0,0,0,0;0,0,0,0,0,0,0,0,0,0;0,0,0,0,0,0,0,0,0,0;0,0,0,0,0,0,0,0,0,0;0,0,0,0,0,0,0,0,0,0;0,0,0,0,0,0,0,0,0,0;0,0,0,0,0,0,0,0,0,0;0,0,0,0,0,0,0,0,0,0;0,0,0,0,0,0,0,0,0,0;0,0,0,0,0,0,0,0,0,0;0,0,0,0,0,0,0,0,0,0;0,0,2,0,0,0,2,0,2,0;2,2,2,2,2,2,2,0,2,2;2,2,0,2,2,2,2,2,0,2;2,2,2,2,2,2,2,2,0,2;2,2,2,2,2,2,2,2,0,2;2,2,2,2,2,2,0,2,2,0;2,2,2,2,2,2,2,2,2,0;3,3,3,3,3,3,3,3,3,3

update player1 row_points 0

update player1 combo 0

update player1 skips 0

action moves 2331

Output from your bot: "down,down,down,down,down,down,down,down,down,down,down,down,down,down,down,down,down,down,left,left"

Round 29

update game round 29

update game this_piece_type S

update game next_piece_type T

update game this_piece_position 3,-1

update player2 row_points 6

update player2 combo 0

update player2 skips 0

update player2 field 0,0,0,1,1,0,0,0,0,0;0,0,0,0,0,0,0,0,0,0;0,0,0,0,0,0,0,0,0,0;0,0,0,0,0,0,0,0,0,0;0,0,0,0,0,0,0,0,0,0;0,0,0,0,0,0,0,0,0,0;0,0,0,0,0,0,0,0,0,0;0,0,0,0,0,0,0,0,0,0;0,0,0,0,0,0,0,0,0,0;0,0,0,0,0,0,0,0,0,0;0,0,0,0,0,0,0,0,0,0;0,0,0,0,0,0,0,0,0,0;0,0,0,0,0,0,0,0,0,0;0,0,0,0,0,0,0,0,0,0;0,0,0,0,0,0,0,0,0,0;0,0,0,0,0,0,0,0,0,0;0,0,0,0,0,0,0,0,0,0;2,2,0,0,0,0,0,2,2,0;2,2,2,2,0,0,2,2,2,2;3,3,3,3,3,3,3,3,3,3

update player1 field 0,0,0,1,1,0,0,0,0,0;0,0,0,0,0,0,0,0,0,0;0,0,0,0,0,0,0,0,0,0;0,0,0,0,0,0,0,0,0,0;0,0,0,0,0,0,0,0,0,0;0,0,0,0,0,0,0,0,0,0;0,0,0,0,0,0,0,0,0,0;0,0,0,0,0,0,0,0,0,0;0,0,0,0,0,0,0,0,0,0;0,0,0,0,0,0,0,0,0,0;0,0,0,0,0,0,0,0,0,0;0,0,0,0,0,0,0,0,0,0;0,0,0,0,0,0,0,2,2,0;0,0,2,0,0,0,2,2,2,0;2,2,0,2,2,2,2,2,0,2;2,2,2,2,2,2,2,2,0,2;2,2,2,2,2,2,2,2,0,2;2,2,2,2,2,2,0,2,2,0;2,2,2,2,2,2,2,2,2,0;3,3,3,3,3,3,3,3,3,3

update player1 row_points 0

update player1 combo 0

update player1 skips 0

action moves 2323

Output from your bot: "down,down,down,down,down,down,down,down,down,down,down,down,down,down,down,down,down,right,down"

Round 30

update game round 30

update game this_piece_type T

update game next_piece_type S

update game this_piece_position 3,-1

update player2 row_points 6

update player2 combo 0

update player2 skips 0

update player2 field 0,0,0,1,1,1,0,0,0,0;0,0,0,0,0,0,0,0,0,0;0,0,0,0,0,0,0,0,0,0;0,0,0,0,0,0,0,0,0,0;0,0,0,0,0,0,0,0,0,0;0,0,0,0,0,0,0,0,0,0;0,0,0,0,0,0,0,0,0,0;0,0,0,0,0,0,0,0,0,0;0,0,0,0,0,0,0,0,0,0;0,0,0,0,0,0,0,0,0,0;0,0,0,0,0,0,0,0,0,0;0,0,0,0,0,0,0,0,0,0;0,0,0,0,0,0,0,0,0,0;0,0,0,0,0,0,0,0,0,0;0,0,0,0,0,0,0,0,0,0;0,0,0,0,0,0,0,0,0,0;0,0,0,0,0,0,0,0,0,0;0,0,0,0,0,0,0,0,0,0;2,2,0,0,0,2,2,2,2,0;3,3,3,3,3,3,3,3,3,3

update player1 field 0,0,0,1,1,1,0,0,0,0;0,0,0,0,0,0,0,0,0,0;0,0,0,0,0,0,0,0,0,0;0,0,0,0,0,0,0,0,0,0;0,0,0,0,0,0,0,0,0,0;0,0,0,0,0,0,0,0,0,0;0,0,0,0,0,0,0,0,0,0;0,0,0,0,0,0,0,0,0,0;0,0,0,0,0,0,0,0,0,0;0,0,0,0,0,0,0,0,0,0;0,0,0,0,0,0,0,0,0,0;0,0,0,0,0,0,0,0,0,0;0,2,2,0,0,0,0,2,2,0;2,2,2,0,0,0,2,2,2,0;2,2,0,2,2,2,2,2,0,2;2,2,2,2,2,2,2,2,0,2;2,2,2,2,2,2,2,2,0,2;2,2,2,2,2,2,0,2,2,0;2,2,2,2,2,2,2,2,2,0;3,3,3,3,3,3,3,3,3,3

update player1 row_points 0

update player1 combo 0

update player1 skips 0

action moves 2023

Output from your bot: "down,down,down,down,down,down,down,down,down,down,down,down,down,down,down,down,down,left,down"

Round 31

update game round 31

update game this_piece_type S

update game next_piece_type L

update game this_piece_position 3,-1

update player2 row_points 6

update player2 combo 0

update player2 skips 0

update player2 field 0,0,0,1,1,0,0,0,0,0;0,0,0,0,0,0,0,0,0,0;0,0,0,0,0,0,0,0,0,0;0,0,0,0,0,0,0,0,0,0;0,0,0,0,0,0,0,0,0,0;0,0,0,0,0,0,0,0,0,0;0,0,0,0,0,0,0,0,0,0;0,0,0,0,0,0,0,0,0,0;0,0,0,0,0,0,0,0,0,0;0,0,0,0,0,0,0,0,0,0;0,0,0,0,0,0,0,0,0,0;0,0,0,0,0,0,0,0,0,0;0,0,0,0,0,0,0,0,0,0;0,0,0,0,0,0,0,0,0,0;0,0,0,0,0,0,0,0,0,0;0,0,0,0,0,0,0,0,0,0;0,0,0,2,0,0,0,0,0,0;2,2,2,2,2,2,2,2,2,0;3,3,3,3,3,3,3,3,3,3;3,3,3,3,3,3,3,3,3,3

update player1 field 0,0,0,1,1,0,0,0,0,0;0,0,0,0,0,0,0,0,0,0;0,0,0,0,0,0,0,0,0,0;0,0,0,0,0,0,0,0,0,0;0,0,0,0,0,0,0,0,0,0;0,0,0,0,0,0,0,0,0,0;0,0,0,0,0,0,0,0,0,0;0,0,0,0,0,0,0,0,0,0;0,0,0,0,0,0,0,0,0,0;0,0,0,0,0,0,0,0,0,0;0,0,0,0,0,0,0,0,0,0;0,2,2,0,2,0,0,2,2,0;2,2,2,2,2,2,2,2,2,0;2,2,0,2,2,2,2,2,0,2;2,2,2,2,2,2,2,2,0,2;2,2,2,2,2,2,2,2,0,2;2,2,2,2,2,2,0,2,2,0;2,2,2,2,2,2,2,2,2,0;3,3,3,3,3,3,3,3,3,3;3,3,3,3,3,3,3,3,3,3

update player1 row_points 0

update player1 combo 0

update player1 skips 0

action moves 1999

Output from your bot: "turnright,down,down,down,down,down,down,down,down,down,down,down,down,down,down,down,right,right,right,right,down"

Round 32

update game round 32

update game this_piece_type L

update game next_piece_type J

update game this_piece_position 3,-1

update player2 row_points 6

update player2 combo 0

update player2 skips 0

update player2 field 0,0,0,1,1,1,0,0,0,0;0,0,0,0,0,0,0,0,0,0;0,0,0,0,0,0,0,0,0,0;0,0,0,0,0,0,0,0,0,0;0,0,0,0,0,0,0,0,0,0;0,0,0,0,0,0,0,0,0,0;0,0,0,0,0,0,0,0,0,0;0,0,0,0,0,0,0,0,0,0;0,0,0,0,0,0,0,0,0,0;0,0,0,0,0,0,0,0,0,0;0,0,0,0,0,0,0,0,0,0;0,0,0,0,0,0,0,0,0,0;0,0,0,0,0,0,0,0,0,0;0,0,0,0,0,0,0,0,0,0;0,0,0,0,0,0,0,0,0,0;0,0,0,0,0,0,0,0,0,0;0,0,0,0,0,0,0,0,2,0;0,0,0,2,0,0,0,0,2,2;3,3,3,3,3,3,3,3,3,3;3,3,3,3,3,3,3,3,3,3

update player1 field 0,0,0,1,1,1,0,0,0,0;0,0,0,0,0,0,0,0,0,0;0,0,0,0,0,0,0,0,0,0;0,0,0,0,0,0,0,0,0,0;0,0,0,0,0,0,0,0,0,0;0,0,0,0,0,0,0,0,0,0;0,0,0,0,0,0,0,0,0,0;0,0,0,0,0,0,0,0,0,0;0,0,0,0,0,0,0,0,0,0;0,0,0,0,0,0,0,0,0,0;0,0,0,0,0,0,2,2,0,0;0,2,2,0,2,2,2,2,2,0;2,2,2,2,2,2,2,2,2,0;2,2,0,2,2,2,2,2,0,2;2,2,2,2,2,2,2,2,0,2;2,2,2,2,2,2,2,2,0,2;2,2,2,2,2,2,0,2,2,0;2,2,2,2,2,2,2,2,2,0;3,3,3,3,3,3,3,3,3,3;3,3,3,3,3,3,3,3,3,3

update player1 row_points 0

update player1 combo 0

update player1 skips 0

action moves 1689

Output from your bot: "down,down,down,down,down,down,down,down,down,down,down,down,down,down,down,down,right,down,right"

Round 33

update game round 33

update game this_piece_type J

update game next_piece_type I

update game this_piece_position 3,-1

update player2 row_points 6

update player2 combo 0

update player2 skips 0

update player2 field 0,0,0,1,1,1,0,0,0,0;0,0,0,0,0,0,0,0,0,0;0,0,0,0,0,0,0,0,0,0;0,0,0,0,0,0,0,0,0,0;0,0,0,0,0,0,0,0,0,0;0,0,0,0,0,0,0,0,0,0;0,0,0,0,0,0,0,0,0,0;0,0,0,0,0,0,0,0,0,0;0,0,0,0,0,0,0,0,0,0;0,0,0,0,0,0,0,0,0,0;0,0,0,0,0,0,0,0,0,0;0,0,0,0,0,0,0,0,0,0;0,0,0,0,0,0,0,0,0,0;0,0,0,0,0,0,0,0,0,0;0,0,0,0,0,0,0,0,0,0;0,0,0,0,0,0,0,0,0,0;0,0,0,0,0,0,0,2,2,0;0,0,0,2,0,2,2,2,2,2;3,3,3,3,3,3,3,3,3,3;3,3,3,3,3,3,3,3,3,3

update player1 field 0,0,0,1,1,1,0,0,0,0;0,0,0,0,0,0,0,0,0,0;0,0,0,0,0,0,0,0,0,0;0,0,0,0,0,0,0,0,0,0;0,0,0,0,0,0,0,0,0,0;0,0,0,0,0,0,0,0,0,0;0,0,0,0,0,0,0,0,0,0;0,0,0,0,0,0,0,0,0,0;0,0,0,0,0,0,0,0,0,0;0,0,0,0,0,0,0,0,0,0;0,0,0,0,0,0,0,0,0,0;0,0,0,0,0,0,2,2,2,2;0,2,2,0,2,2,2,2,2,2;2,2,0,2,2,2,2,2,0,2;2,2,2,2,2,2,2,2,0,2;2,2,2,2,2,2,2,2,0,2;2,2,2,2,2,2,0,2,2,0;2,2,2,2,2,2,2,2,2,0;3,3,3,3,3,3,3,3,3,3;3,3,3,3,3,3,3,3,3,3

update player1 row_points 0

update player1 combo 0

update player1 skips 0

action moves 1331

Output from your bot: "down,down,down,down,down,down,down,down,down,down,down,down,down,down,down,down,left,left,left,down"

Round 34

update game round 34

update game this_piece_type I

update game next_piece_type S

update game this_piece_position 3,-1

update player2 row_points 6

update player2 combo 0

update player2 skips 0

update player2 field 0,0,0,1,1,1,1,0,0,0;0,0,0,0,0,0,0,0,0,0;0,0,0,0,0,0,0,0,0,0;0,0,0,0,0,0,0,0,0,0;0,0,0,0,0,0,0,0,0,0;0,0,0,0,0,0,0,0,0,0;0,0,0,0,0,0,0,0,0,0;0,0,0,0,0,0,0,0,0,0;0,0,0,0,0,0,0,0,0,0;0,0,0,0,0,0,0,0,0,0;0,0,0,0,0,0,0,0,0,0;0,0,0,0,0,0,0,0,0,0;0,0,0,0,0,0,0,0,0,0;0,0,0,0,0,0,0,0,0,0;0,0,0,0,0,0,0,0,0,0;0,0,0,0,0,0,0,0,0,0;2,0,0,0,0,0,0,2,2,0;2,2,2,2,0,2,2,2,2,2;3,3,3,3,3,3,3,3,3,3;3,3,3,3,3,3,3,3,3,3

update player1 field 0,0,0,1,1,1,1,0,0,0;0,0,0,0,0,0,0,0,0,0;0,0,0,0,0,0,0,0,0,0;0,0,0,0,0,0,0,0,0,0;0,0,0,0,0,0,0,0,0,0;0,0,0,0,0,0,0,0,0,0;0,0,0,0,0,0,0,0,0,0;0,0,0,0,0,0,0,0,0,0;0,0,0,0,0,0,0,0,0,0;0,0,0,0,0,0,0,0,0,0;0,0,0,0,0,0,0,0,0,0;0,2,2,2,0,0,2,2,2,2;0,2,2,2,2,2,2,2,2,2;2,2,0,2,2,2,2,2,0,2;2,2,2,2,2,2,2,2,0,2;2,2,2,2,2,2,2,2,0,2;2,2,2,2,2,2,0,2,2,0;2,2,2,2,2,2,2,2,2,0;3,3,3,3,3,3,3,3,3,3;3,3,3,3,3,3,3,3,3,3

update player1 row_points 0

update player1 combo 0

update player1 skips 0

action moves 1275

Output from your bot: "turnright,down,down,down,down,down,down,down,down,down,down,down,down,down,right,right,right,right,down"

Round 35

update game round 35

update game this_piece_type S

update game next_piece_type Z

update game this_piece_position 3,-1

update player2 row_points 6

update player2 combo 0

update player2 skips 0

update player2 field 0,0,0,1,1,0,0,0,0,0;0,0,0,0,0,0,0,0,0,0;0,0,0,0,0,0,0,0,0,0;0,0,0,0,0,0,0,0,0,0;0,0,0,0,0,0,0,0,0,0;0,0,0,0,0,0,0,0,0,0;0,0,0,0,0,0,0,0,0,0;0,0,0,0,0,0,0,0,0,0;0,0,0,0,0,0,0,0,0,0;0,0,0,0,0,0,0,0,0,0;0,0,0,0,0,0,0,0,0,0;0,0,0,0,0,0,0,0,0,0;0,0,0,0,0,0,0,0,0,0;0,0,0,0,0,0,0,0,0,2;0,0,0,0,0,0,0,0,0,2;0,0,0,0,0,0,0,0,0,2;2,0,0,0,0,0,0,2,2,2;2,2,2,2,0,2,2,2,2,2;3,3,3,3,3,3,3,3,3,3;3,3,3,3,3,3,3,3,3,3

update player1 field 0,0,0,1,1,0,0,0,0,0;0,0,0,0,0,0,0,0,0,0;0,0,0,0,0,0,0,0,0,0;0,0,0,0,0,0,0,0,0,0;0,0,0,0,0,0,0,0,0,0;0,0,0,0,0,0,0,0,0,0;0,0,0,0,0,0,0,0,0,0;0,0,0,0,0,0,0,0,0,0;0,0,0,0,0,0,0,0,0,0;0,0,0,0,0,0,0,0,0,0;2,0,0,0,0,0,0,0,0,0;2,0,0,0,0,0,0,0,0,0;2,2,2,2,0,0,2,2,2,2;2,2,0,2,2,2,2,2,0,2;2,2,2,2,2,2,2,2,0,2;2,2,2,2,2,2,2,2,0,2;2,2,2,2,2,2,0,2,2,0;2,2,2,2,2,2,2,2,2,0;3,3,3,3,3,3,3,3,3,3;3,3,3,3,3,3,3,3,3,3

update player1 row_points 0

update player1 combo 0

update player1 skips 0

action moves 1402

Output from your bot: "turnright,down,down,down,down,down,down,down,down,down,down,down,down,down,down,down,left,down"

Round 36

update game round 36

update game this_piece_type Z

update game next_piece_type T

update game this_piece_position 3,-1

update player2 row_points 6

update player2 combo 0

update player2 skips 0

update player2 field 0,0,0,0,1,1,0,0,0,0;0,0,0,0,0,0,0,0,0,0;0,0,0,0,0,0,0,0,0,0;0,0,0,0,0,0,0,0,0,0;0,0,0,0,0,0,0,0,0,0;0,0,0,0,0,0,0,0,0,0;0,0,0,0,0,0,0,0,0,0;0,0,0,0,0,0,0,0,0,0;0,0,0,0,0,0,0,0,0,0;0,0,0,0,0,0,0,0,0,0;0,0,0,0,0,0,0,0,0,0;0,0,0,0,0,0,0,0,0,0;0,0,0,0,0,0,0,0,0,0;0,0,0,0,0,0,0,0,0,0;0,0,0,0,0,0,0,0,0,2;0,0,0,0,0,0,0,0,0,2;0,0,0,2,0,0,0,0,0,2;2,0,0,2,2,0,0,2,2,2;3,3,3,3,3,3,3,3,3,3;3,3,3,3,3,3,3,3,3,3

update player1 field 0,0,0,0,1,1,0,0,0,0;0,0,0,0,0,0,0,0,0,0;0,0,0,0,0,0,0,0,0,0;0,0,0,0,0,0,0,0,0,0;0,0,0,0,0,0,0,0,0,0;0,0,0,0,0,0,0,0,0,0;0,0,0,0,0,0,0,0,0,0;0,0,0,0,0,0,0,0,0,0;0,0,0,0,0,0,0,0,0,0;0,0,0,0,0,0,0,0,0,0;2,0,0,2,0,0,0,0,0,0;2,0,0,2,2,0,0,0,0,0;2,2,2,2,2,0,2,2,2,2;2,2,0,2,2,2,2,2,0,2;2,2,2,2,2,2,2,2,0,2;2,2,2,2,2,2,2,2,0,2;2,2,2,2,2,2,0,2,2,0;2,2,2,2,2,2,2,2,2,0;3,3,3,3,3,3,3,3,3,3;3,3,3,3,3,3,3,3,3,3

update player1 row_points 0

update player1 combo 0

update player1 skips 0

action moves 1494

Output from your bot: "down,down,down,down,down,down,down,down,down,down,down,down,down,down,down,left,left,left,down,down"

Round 37

update game round 37

update game this_piece_type T

update game next_piece_type T

update game this_piece_position 3,-1

update player2 row_points 6

update player2 combo 0

update player2 skips 0

update player2 field 0,0,0,1,1,1,0,0,0,0;0,0,0,0,0,0,0,0,0,0;0,0,0,0,0,0,0,0,0,0;0,0,0,0,0,0,0,0,0,0;0,0,0,0,0,0,0,0,0,0;0,0,0,0,0,0,0,0,0,0;0,0,0,0,0,0,0,0,0,0;0,0,0,0,0,0,0,0,0,0;0,0,0,0,0,0,0,0,0,0;0,0,0,0,0,0,0,0,0,0;0,0,0,0,0,0,0,0,0,0;0,0,0,0,0,0,0,0,0,0;0,0,0,0,0,0,0,0,0,0;0,0,0,0,0,0,0,0,0,0;0,0,0,0,0,0,0,0,0,2;0,0,0,0,0,0,0,0,0,2;2,2,0,2,0,0,0,0,0,2;2,2,2,2,2,0,0,2,2,2;3,3,3,3,3,3,3,3,3,3;3,3,3,3,3,3,3,3,3,3

update player1 field 0,0,0,1,1,1,0,0,0,0;0,0,0,0,0,0,0,0,0,0;0,0,0,0,0,0,0,0,0,0;0,0,0,0,0,0,0,0,0,0;0,0,0,0,0,0,0,0,0,0;0,0,0,0,0,0,0,0,0,0;0,0,0,0,0,0,0,0,0,0;0,0,0,0,0,0,0,0,0,0;0,0,0,0,0,0,0,0,0,0;0,0,0,0,0,0,0,0,0,0;0,0,0,0,0,0,0,0,0,0;2,0,0,2,0,0,2,0,0,0;2,0,0,2,2,2,2,0,0,0;2,2,0,2,2,2,2,2,0,2;2,2,2,2,2,2,2,2,0,2;2,2,2,2,2,2,2,2,0,2;2,2,2,2,2,2,0,2,2,0;2,2,2,2,2,2,2,2,2,0;3,3,3,3,3,3,3,3,3,3;3,3,3,3,3,3,3,3,3,3

update player1 row_points 0

update player1 combo 0

update player1 skips 0

action moves 1122

Output from your bot: "turnright,turnright,turnright,down,down,down,down,down,down,down,down,down,down,down,down,down,down,down,right,right,right,right"

Round 38

update game round 38

update game this_piece_type T

update game next_piece_type J

update game this_piece_position 3,-1

update player2 row_points 6

update player2 combo 0

update player2 skips 0

update player2 field 0,0,0,1,1,1,0,0,0,0;0,0,0,0,0,0,0,0,0,0;0,0,0,0,0,0,0,0,0,0;0,0,0,0,0,0,0,0,0,0;0,0,0,0,0,0,0,0,0,0;0,0,0,0,0,0,0,0,0,0;0,0,0,0,0,0,0,0,0,0;0,0,0,0,0,0,0,0,0,0;0,0,0,0,0,0,0,0,0,0;0,0,0,0,0,0,0,0,0,0;0,0,0,0,0,0,0,0,0,0;0,0,0,0,0,0,0,0,0,0;0,0,0,0,0,0,0,0,0,0;0,0,0,0,0,0,0,0,0,0;0,0,0,0,0,0,0,0,2,2;0,0,0,0,0,0,0,2,2,2;2,2,0,2,0,0,0,0,2,2;2,2,2,2,2,0,0,2,2,2;3,3,3,3,3,3,3,3,3,3;3,3,3,3,3,3,3,3,3,3

update player1 field 0,0,0,1,1,1,0,0,0,0;0,0,0,0,0,0,0,0,0,0;0,0,0,0,0,0,0,0,0,0;0,0,0,0,0,0,0,0,0,0;0,0,0,0,0,0,0,0,0,0;0,0,0,0,0,0,0,0,0,0;0,0,0,0,0,0,0,0,0,0;0,0,0,0,0,0,0,0,0,0;0,0,0,0,0,0,0,0,0,0;0,0,0,0,0,0,0,0,0,0;0,0,0,0,0,0,0,0,0,0;2,0,0,2,0,0,2,0,0,0;2,0,0,2,2,2,2,2,2,2;2,2,0,2,2,2,2,2,2,2;2,2,2,2,2,2,2,2,0,2;2,2,2,2,2,2,2,2,0,2;2,2,2,2,2,2,0,2,2,0;2,2,2,2,2,2,2,2,2,0;3,3,3,3,3,3,3,3,3,3;3,3,3,3,3,3,3,3,3,3

update player1 row_points 0

update player1 combo 0

update player1 skips 0

action moves 773

Response timed out (773ms), let your bot return 'no_moves' instead of nothing or make it faster.

Output from your bot: null

Engine warning: "The piece is still loose in the field. Dropping it."

Round 39

update game round 39

update game this_piece_type J

update game next_piece_type I

update game this_piece_position 3,-1

update player2 row_points 6

update player2 combo 0

update player2 skips 0

update player2 field 0,0,0,1,1,1,0,0,0,0;0,0,0,0,0,0,0,0,0,0;0,0,0,0,0,0,0,0,0,0;0,0,0,0,0,0,0,0,0,0;0,0,0,0,0,0,0,0,0,0;0,0,0,0,0,0,0,0,0,0;0,0,0,0,0,0,0,0,0,0;0,0,0,0,0,0,0,0,0,0;0,0,0,0,0,0,0,0,0,0;0,0,0,0,0,0,0,0,0,0;0,0,0,0,0,0,0,0,0,0;0,0,0,0,0,0,0,0,0,0;0,0,0,0,0,0,0,0,0,0;0,0,0,0,2,0,0,0,2,2;0,0,0,2,2,2,0,2,2,2;2,2,0,2,0,0,0,0,2,2;2,2,2,2,2,0,0,2,2,2;2,2,2,2,2,2,2,2,0,0;3,3,3,3,3,3,3,3,3,3;3,3,3,3,3,3,3,3,3,3

update player1 field 0,0,0,1,1,1,0,0,0,0;0,0,0,0,0,0,0,0,0,0;0,0,0,0,0,0,0,0,0,0;0,0,0,0,0,0,0,0,0,0;0,0,0,0,0,0,0,0,0,0;0,0,0,0,0,0,0,0,0,0;0,0,0,0,0,0,0,0,0,0;0,0,0,0,0,0,0,0,0,0;0,0,0,0,0,0,0,0,0,0;0,0,0,0,0,0,0,0,0,0;0,0,0,0,0,0,0,0,0,0;0,0,0,0,0,0,0,0,0,0;0,0,0,0,0,0,0,0,0,0;2,0,2,2,0,0,2,0,0,0;2,2,2,2,2,2,2,2,0,2;2,2,2,2,2,2,2,2,0,2;2,2,2,2,2,2,0,2,2,0;2,2,2,2,2,2,2,2,2,0;3,3,3,3,3,3,3,3,3,3;3,3,3,3,3,3,3,3,3,3

update player1 row_points 3

update player1 combo 1

update player1 skips 0

action moves 500

Output from your bot: "turnright,turnright,down,down,down,down,down,down,down,down,down,down,down,down,down,down,left,left,down"

Engine warning: "Piece was frozen in place on the previous move. Skipping all next moves."

Round 40

update game round 40

update game this_piece_type I

update game next_piece_type Z

update game this_piece_position 3,-1

update player2 row_points 6

update player2 combo 0

update player2 skips 0

update player2 field 0,0,0,1,1,1,1,0,0,0;0,0,0,0,0,0,0,0,0,0;0,0,0,0,0,0,0,0,0,0;0,0,0,0,0,0,0,0,0,0;0,0,0,0,0,0,0,0,0,0;0,0,0,0,0,0,0,0,0,0;0,0,0,0,0,0,0,0,0,0;0,0,0,0,0,0,0,0,0,0;0,0,0,0,0,0,0,0,0,0;0,0,0,0,0,0,0,0,0,0;0,0,0,0,0,0,0,0,0,0;0,0,0,0,0,0,0,0,0,0;0,0,0,2,2,2,0,0,0,0;0,0,0,0,2,2,0,0,2,2;0,0,0,2,2,2,0,2,2,2;2,2,0,2,0,0,0,0,2,2;2,2,2,2,2,0,0,2,2,2;2,2,2,2,2,2,2,2,0,0;3,3,3,3,3,3,3,3,3,3;3,3,3,3,3,3,3,3,3,3

update player1 field 0,0,0,1,1,1,1,0,0,0;0,0,0,0,0,0,0,0,0,0;0,0,0,0,0,0,0,0,0,0;0,0,0,0,0,0,0,0,0,0;0,0,0,0,0,0,0,0,0,0;0,0,0,0,0,0,0,0,0,0;0,0,0,0,0,0,0,0,0,0;0,0,0,0,0,0,0,0,0,0;0,0,0,0,0,0,0,0,0,0;0,0,0,0,0,0,0,0,0,0;0,0,0,0,0,0,0,0,0,0;0,0,0,0,0,0,0,0,0,0;0,0,2,2,2,0,0,0,0,0;2,0,2,2,2,0,2,0,0,0;2,2,2,2,2,2,2,2,0,2;2,2,2,2,2,2,2,2,0,2;2,2,2,2,2,2,0,2,2,0;2,2,2,2,2,2,2,2,2,0;3,3,3,3,3,3,3,3,3,3;3,3,3,3,3,3,3,3,3,3

update player1 row_points 3

update player1 combo 0

update player1 skips 0

action moves 884

Output from your bot: "turnright,turnright,down,down,down,down,down,down,down,down,down,down,down,left,left,down,left,down,down"

Engine warning: "Piece was frozen in place on the previous move. Skipping all next moves."

Round 41

update game round 41

update game this_piece_type Z

update game next_piece_type I

update game this_piece_position 3,-1

update player2 row_points 6

update player2 combo 0

update player2 skips 0

update player2 field 0,0,0,0,1,1,0,0,0,0;0,0,0,0,0,0,0,0,0,0;0,0,0,0,0,0,0,0,0,0;0,0,0,0,0,0,0,0,0,0;0,0,0,0,0,0,0,0,0,0;0,0,0,0,0,0,0,0,0,0;0,0,0,0,0,0,0,0,0,0;0,0,0,0,0,0,0,0,0,0;0,0,0,0,0,0,0,0,0,0;0,0,0,0,0,0,0,0,0,0;0,0,0,2,2,2,2,0,0,0;0,0,0,2,2,2,0,0,0,0;0,0,0,0,2,2,0,0,2,2;0,0,0,2,2,2,0,2,2,2;2,2,0,2,0,0,0,0,2,2;2,2,2,2,2,0,0,2,2,2;2,2,2,2,2,2,2,2,0,0;2,2,2,2,2,0,2,2,2,2;3,3,3,3,3,3,3,3,3,3;3,3,3,3,3,3,3,3,3,3

update player1 field 0,0,0,0,1,1,0,0,0,0;0,0,0,0,0,0,0,0,0,0;0,0,0,0,0,0,0,0,0,0;0,0,0,0,0,0,0,0,0,0;0,0,0,0,0,0,0,0,0,0;0,0,0,0,0,0,0,0,0,0;0,0,0,0,0,0,0,0,0,0;0,0,0,0,0,0,0,0,0,0;0,0,0,0,0,0,0,0,0,0;0,0,0,0,0,0,0,0,0,0;0,0,0,0,0,0,0,0,0,0;0,0,0,0,0,0,0,0,0,0;0,0,0,0,0,0,0,0,0,0;0,0,0,0,0,0,0,0,0,0;0,0,2,2,2,0,0,0,2,0;2,0,2,2,2,0,2,0,2,0;2,2,2,2,2,2,0,2,2,0;2,2,2,2,2,2,2,2,2,0;3,3,3,3,3,3,3,3,3,3;3,3,3,3,3,3,3,3,3,3

update player1 row_points 6

update player1 combo 1

update player1 skips 0

action moves 938

Output from your bot: "turnright,down,down,down,down,down,down,down,down,down,right,down,down,down,down,down"

Engine warning: "Piece was frozen in place on the previous move. Skipping all next moves."

Round 42

update game round 42

update game this_piece_type I

update game next_piece_type L

update game this_piece_position 3,-1

update player2 row_points 6

update player2 combo 0

update player2 skips 0

update player2 field 0,0,0,1,1,1,1,0,0,0;0,0,0,0,0,0,0,0,0,0;0,0,0,0,0,0,0,0,0,0;0,0,0,0,0,0,0,0,0,0;0,0,0,0,0,0,0,0,0,0;0,0,0,0,0,0,0,0,0,0;0,0,0,0,0,0,0,0,0,0;0,0,0,0,0,2,0,0,0,0;0,0,0,0,2,2,0,0,0,0;0,0,0,0,2,0,0,0,0,0;0,0,0,2,2,2,2,0,0,0;0,0,0,2,2,2,0,0,0,0;0,0,0,0,2,2,0,0,2,2;0,0,0,2,2,2,0,2,2,2;2,2,0,2,0,0,0,0,2,2;2,2,2,2,2,0,0,2,2,2;2,2,2,2,2,2,2,2,0,0;2,2,2,2,2,0,2,2,2,2;3,3,3,3,3,3,3,3,3,3;3,3,3,3,3,3,3,3,3,3

update player1 field 0,0,0,1,1,1,1,0,0,0;0,0,0,0,0,0,0,0,0,0;0,0,0,0,0,0,0,0,0,0;0,0,0,0,0,0,0,0,0,0;0,0,0,0,0,0,0,0,0,0;0,0,0,0,0,0,0,0,0,0;0,0,0,0,0,0,0,0,0,0;0,0,0,0,0,0,0,0,0,0;0,0,0,0,0,0,0,0,0,0;0,0,0,0,0,0,0,0,0,0;0,0,0,0,0,0,0,0,0,0;0,0,0,0,0,0,0,0,0,0;0,0,0,0,0,0,0,0,0,0;0,0,0,0,0,0,2,0,0,0;0,0,2,2,2,2,2,0,2,0;2,0,2,2,2,2,2,0,2,0;2,2,2,2,2,2,0,2,2,0;2,2,2,2,2,2,2,2,2,0;3,3,3,3,3,3,3,3,3,3;3,3,3,3,3,3,3,3,3,3

update player1 row_points 6

update player1 combo 0

update player1 skips 0

action moves 1014

Output from your bot: "turnright,down,down,down,down,down,down,down,down,right,right,right,down,down,down,left,down"

Engine warning: "Piece was frozen in place on the previous move. Skipping all next moves."

Round 43

update game round 43

update game this_piece_type L

update game next_piece_type O

update game this_piece_position 3,-1

update player2 row_points 6

update player2 combo 0

update player2 skips 0

update player2 field 0,0,0,1,1,1,0,0,0,0;0,0,0,0,0,0,0,0,0,0;0,0,0,0,0,0,0,0,0,0;0,0,0,0,0,2,0,0,0,0;0,0,0,0,0,2,0,0,0,0;0,0,0,0,0,2,0,0,0,0;0,0,0,0,0,2,0,0,0,0;0,0,0,0,0,2,0,0,0,0;0,0,0,0,2,2,0,0,0,0;0,0,0,0,2,0,0,0,0,0;0,0,0,2,2,2,2,0,0,0;0,0,0,2,2,2,0,0,0,0;0,0,0,0,2,2,0,0,2,2;0,0,0,2,2,2,0,2,2,2;2,2,0,2,0,0,0,0,2,2;2,2,2,2,2,0,0,2,2,2;2,2,2,2,2,2,2,2,0,0;2,2,2,2,2,0,2,2,2,2;3,3,3,3,3,3,3,3,3,3;3,3,3,3,3,3,3,3,3,3

update player1 field 0,0,0,1,1,1,0,0,0,0;0,0,0,0,0,0,0,0,0,0;0,0,0,0,0,0,0,0,0,0;0,0,0,0,0,0,0,0,0,0;0,0,0,0,0,0,0,0,0,0;0,0,0,0,0,0,0,0,0,0;0,0,0,0,0,0,0,0,0,0;0,0,0,0,0,0,0,0,0,0;0,0,0,0,0,0,0,0,0,0;0,0,0,0,0,0,0,0,0,0;0,0,0,0,0,0,0,0,0,0;0,0,0,0,0,0,0,0,0,0;0,0,0,0,0,0,0,0,0,0;0,0,0,0,0,0,0,0,0,0;0,0,0,0,0,0,2,0,0,0;0,0,2,2,2,2,2,0,2,2;2,0,2,2,2,2,2,0,2,2;2,2,2,2,2,2,0,2,2,2;3,3,3,3,3,3,3,3,3,3;3,3,3,3,3,3,3,3,3,3

update player1 row_points 6

update player1 combo 0

update player1 skips 0

action moves 1008

Output from your bot: "turnright,down,down,down,down,left,down,left,down,down,left,down,down,down,down,left,left"

Engine warning: "Piece was frozen in place on the previous move. Skipping all next moves."

Round 44

About
Roadmap
FAQ
Languages
Connect
Facebook
Twitter
Google Plus
Email
Legal
Site rules
Terms of Service
Privacy Policy
2016 Riddles.io
